# Archivo con P(tau) de todas las historias
#
# Nombre del archivo procesado: medicion04.a.inter.D1.bin
#
# Fecha de procesamiento: 12-01-2020 21:24
#
# Tipo de procesamiento: alfa-Rossi Tipo I
#
# Duración del bin (dt) [s]
5.0000E-04
# Máximo bin analizado (dt_max) [s]
5.0000E-02
# Puntos analizados por trigger
100
# Tiempo base del contador [s]
1.2500E-08
# Número de historias (N_hist)
5
# --------------------------------------------------
# Tasa de cuentas promedio en cada historia [cps] 
# historia_#1   ....    historia_#N_hist 
1.733228e+02 1.737292e+02 1.716889e+02 1.738205e+02 1.728464e+02 
# Desvío estándar del promedio de la tasa de cuentas de cada historia [cps] 
# historia_#1   ....    historia_#N_hist 
7.805520e-01 7.874319e-01 7.807719e-01 7.872700e-01 7.755649e-01 
# Cantidad de triggers de cada historia 
# triggers_#1   ...   triggers_#N_hist 
60874 61017 60301 61049 60706 
# Tau centrado [s] y función P(tau) normalizada para cada historia 
# tau [s] P(tau)_#1   ...   P(tau)_#N_hist 
2.500000e-04 1.583190e+00 1.595218e+00 1.562251e+00 1.602025e+00 1.545058e+00
7.500000e-04 1.360269e+00 1.395037e+00 1.358832e+00 1.391689e+00 1.356167e+00
1.250000e-03 1.271177e+00 1.273721e+00 1.245048e+00 1.256176e+00 1.256479e+00
1.750000e-03 1.205400e+00 1.195989e+00 1.200617e+00 1.193792e+00 1.180237e+00
2.250000e-03 1.166541e+00 1.124105e+00 1.157538e+00 1.159489e+00 1.150883e+00
2.750000e-03 1.087116e+00 1.104672e+00 1.091083e+00 1.124810e+00 1.109140e+00
3.250000e-03 1.069108e+00 1.085427e+00 1.101322e+00 1.095597e+00 1.113906e+00
3.750000e-03 1.076880e+00 1.036373e+00 1.057856e+00 1.038866e+00 1.064729e+00
4.250000e-03 1.049015e+00 1.049391e+00 1.055345e+00 1.065630e+00 1.057105e+00
4.750000e-03 1.043897e+00 1.030146e+00 1.042209e+00 1.058279e+00 1.030039e+00
5.250000e-03 1.054322e+00 1.050900e+00 1.041436e+00 1.021527e+00 1.021842e+00
5.750000e-03 1.008070e+00 1.028637e+00 1.044913e+00 1.038489e+00 9.995415e-01
6.250000e-03 1.009587e+00 1.015241e+00 1.048970e+00 1.021715e+00 1.009453e+00
6.750000e-03 1.007881e+00 1.022600e+00 1.002800e+00 1.018323e+00 1.011168e+00
7.250000e-03 1.013378e+00 1.008261e+00 1.002027e+00 9.896747e-01 9.827681e-01
7.750000e-03 1.015084e+00 1.014109e+00 1.024050e+00 1.020773e+00 9.778123e-01
8.250000e-03 1.005606e+00 1.026939e+00 9.950728e-01 9.868476e-01 9.997321e-01
8.750000e-03 9.999192e-01 9.935442e-01 9.925614e-01 1.005883e+00 1.009453e+00
9.250000e-03 1.014705e+00 9.797711e-01 9.908228e-01 1.008522e+00 1.010215e+00
9.750000e-03 1.017548e+00 9.931668e-01 9.923683e-01 9.842090e-01 9.842930e-01
1.025000e-02 9.845650e-01 9.839219e-01 1.023663e+00 9.742199e-01 9.982072e-01
1.075000e-02 1.004469e+00 9.846766e-01 1.002414e+00 9.981560e-01 9.842930e-01
1.125000e-02 1.001815e+00 9.729790e-01 9.960387e-01 1.005318e+00 9.934421e-01
1.175000e-02 1.005416e+00 1.009015e+00 1.000289e+00 9.919364e-01 1.008119e+00
1.225000e-02 9.989714e-01 1.027128e+00 9.792320e-01 1.003056e+00 1.002401e+00
1.275000e-02 1.008639e+00 9.933555e-01 1.000095e+00 9.896747e-01 9.881051e-01
1.325000e-02 9.936638e-01 9.914688e-01 1.005311e+00 9.949520e-01 1.009834e+00
1.375000e-02 9.917682e-01 1.012034e+00 1.004539e+00 9.879785e-01 9.774311e-01
1.425000e-02 9.792574e-01 1.006185e+00 9.910160e-01 9.712043e-01 9.841023e-01
1.475000e-02 9.904413e-01 1.006563e+00 1.049936e+00 1.000229e+00 9.983978e-01
1.525000e-02 9.896831e-01 9.973176e-01 1.018641e+00 9.615922e-01 1.006213e+00
1.575000e-02 9.807738e-01 1.018637e+00 9.730502e-01 1.003999e+00 1.021080e+00
1.625000e-02 1.006175e+00 9.950535e-01 1.003186e+00 9.940096e-01 9.997321e-01
1.675000e-02 1.016790e+00 9.805258e-01 1.001834e+00 1.001360e+00 1.009072e+00
1.725000e-02 9.923369e-01 1.010713e+00 1.022891e+00 1.007014e+00 9.982072e-01
1.775000e-02 9.885457e-01 1.021468e+00 9.890842e-01 1.008145e+00 9.835305e-01
1.825000e-02 1.018306e+00 1.001657e+00 9.832888e-01 9.957059e-01 9.974448e-01
1.875000e-02 9.800156e-01 1.003544e+00 1.028879e+00 9.904286e-01 9.802902e-01
1.925000e-02 1.002383e+00 9.709036e-01 1.007823e+00 1.008334e+00 9.783841e-01
1.975000e-02 1.001436e+00 1.005996e+00 9.958455e-01 9.951404e-01 9.905830e-01
2.025000e-02 9.758453e-01 9.931668e-01 1.019027e+00 9.909940e-01 1.010406e+00
2.075000e-02 9.902518e-01 1.007506e+00 1.000289e+00 1.011726e+00 9.926796e-01
2.125000e-02 1.005796e+00 1.022788e+00 9.852206e-01 9.855283e-01 1.009834e+00
2.175000e-02 1.013378e+00 1.024109e+00 9.985500e-01 1.022469e+00 9.953481e-01
2.225000e-02 1.005796e+00 1.000714e+00 9.946864e-01 1.005130e+00 1.008691e+00
2.275000e-02 1.015653e+00 1.021468e+00 1.010334e+00 9.936327e-01 1.009072e+00
2.325000e-02 9.930951e-01 1.015053e+00 9.933342e-01 9.892978e-01 1.006785e+00
2.375000e-02 1.007312e+00 9.875067e-01 1.025402e+00 1.003622e+00 1.007547e+00
2.425000e-02 9.965072e-01 9.986383e-01 9.885046e-01 9.806280e-01 1.005069e+00
2.475000e-02 9.807738e-01 1.001657e+00 9.904364e-01 1.015684e+00 9.940139e-01
2.525000e-02 1.002194e+00 1.001091e+00 1.000095e+00 9.979676e-01 1.001066e+00
2.575000e-02 9.900622e-01 1.027694e+00 9.881183e-01 1.000606e+00 9.993509e-01
2.625000e-02 1.001815e+00 9.986383e-01 1.011879e+00 9.868476e-01 1.014981e+00
2.675000e-02 1.025130e+00 9.792051e-01 1.023277e+00 9.827012e-01 1.004688e+00
2.725000e-02 9.911995e-01 1.004676e+00 9.798115e-01 1.030762e+00 9.764781e-01
2.775000e-02 1.013947e+00 9.654321e-01 9.981637e-01 1.003433e+00 9.945857e-01
2.825000e-02 9.879771e-01 9.990156e-01 1.001834e+00 1.018511e+00 9.894393e-01
2.875000e-02 9.877875e-01 9.835446e-01 1.028107e+00 1.000795e+00 9.919172e-01
2.925000e-02 1.012809e+00 9.793938e-01 1.030232e+00 9.708274e-01 1.013646e+00
2.975000e-02 9.883562e-01 9.969403e-01 9.937205e-01 9.821358e-01 9.978260e-01
3.025000e-02 1.006743e+00 9.839219e-01 9.989364e-01 9.840205e-01 9.865802e-01
3.075000e-02 1.014705e+00 9.837332e-01 9.695730e-01 1.046217e+00 1.013265e+00
3.125000e-02 1.004469e+00 9.871293e-01 9.659025e-01 9.938211e-01 9.989697e-01
3.175000e-02 1.007502e+00 9.946762e-01 9.869592e-01 9.930672e-01 1.011931e+00
3.225000e-02 9.906309e-01 9.935442e-01 9.906296e-01 1.019642e+00 9.922984e-01
3.275000e-02 1.028922e+00 1.003166e+00 9.937205e-01 1.005695e+00 9.894393e-01
3.325000e-02 1.007122e+00 9.878840e-01 9.941069e-01 1.011349e+00 9.774311e-01
3.375000e-02 9.845650e-01 9.954309e-01 9.850274e-01 1.004187e+00 9.709505e-01
3.425000e-02 1.019633e+00 9.826012e-01 1.019027e+00 1.005506e+00 9.905830e-01
3.475000e-02 9.963176e-01 9.961856e-01 9.997091e-01 1.000795e+00 9.997321e-01
3.525000e-02 1.014705e+00 9.744883e-01 1.014584e+00 9.870361e-01 9.854366e-01
3.575000e-02 9.762245e-01 9.709036e-01 1.003186e+00 9.832666e-01 9.804808e-01
3.625000e-02 1.004279e+00 9.741110e-01 1.002993e+00 9.845859e-01 9.884863e-01
3.675000e-02 9.811530e-01 1.011468e+00 1.000675e+00 9.960828e-01 9.985885e-01
3.725000e-02 1.002194e+00 1.023920e+00 9.881183e-01 1.017946e+00 9.951575e-01
3.775000e-02 9.781200e-01 9.890161e-01 1.000868e+00 9.796856e-01 1.023939e+00
3.825000e-02 1.011861e+00 9.895821e-01 9.995159e-01 9.928788e-01 9.852460e-01
3.875000e-02 1.044465e+00 9.899594e-01 9.744025e-01 9.909940e-01 9.882957e-01
3.925000e-02 9.910100e-01 1.007317e+00 9.771070e-01 9.772355e-01 9.835305e-01
3.975000e-02 1.006554e+00 1.014675e+00 9.896637e-01 9.877900e-01 9.829587e-01
4.025000e-02 1.007881e+00 9.997703e-01 1.015743e+00 9.921249e-01 9.991603e-01
4.075000e-02 1.018496e+00 9.680735e-01 9.693798e-01 9.887323e-01 1.003163e+00
4.125000e-02 1.008260e+00 9.833559e-01 9.788456e-01 1.009653e+00 1.005641e+00
4.175000e-02 1.006364e+00 9.995817e-01 9.929478e-01 1.005318e+00 9.814339e-01
4.225000e-02 1.019633e+00 9.867520e-01 9.821297e-01 9.985330e-01 9.964918e-01
4.275000e-02 9.860815e-01 1.016562e+00 1.015936e+00 1.002302e+00 9.922984e-01
4.325000e-02 1.010155e+00 9.837332e-01 1.000289e+00 1.001549e+00 9.978260e-01
4.375000e-02 1.016411e+00 9.759977e-01 9.985500e-01 9.791202e-01 9.705693e-01
4.425000e-02 1.007312e+00 9.999590e-01 9.821297e-01 1.000418e+00 9.955387e-01
4.475000e-02 1.033471e+00 1.001280e+00 1.033709e+00 1.005883e+00 9.547489e-01
4.525000e-02 1.002573e+00 1.023166e+00 1.007630e+00 9.842090e-01 1.003354e+00
4.575000e-02 1.011103e+00 1.009015e+00 1.023663e+00 9.994753e-01 1.001829e+00
4.625000e-02 9.991610e-01 9.790165e-01 1.000289e+00 1.006260e+00 9.774311e-01
4.675000e-02 1.035177e+00 1.010147e+00 9.906296e-01 1.016249e+00 9.905830e-01
4.725000e-02 9.997297e-01 1.010713e+00 1.008789e+00 1.002868e+00 1.010978e+00
4.775000e-02 1.003521e+00 1.005242e+00 1.028879e+00 9.904286e-01 1.001257e+00
4.825000e-02 1.017548e+00 9.952422e-01 1.003766e+00 1.003999e+00 1.007928e+00
4.875000e-02 1.007502e+00 1.003355e+00 9.906296e-01 9.955174e-01 9.934421e-01
4.925000e-02 9.976445e-01 9.886387e-01 1.003186e+00 9.949520e-01 9.930609e-01
4.975000e-02 9.953698e-01 1.000336e+00 1.010334e+00 1.012857e+00 1.009453e+00
