# Historias completas obtenidas con el método de alfa-Feynman
#
# Cálculo de [cov_12/sqrt(mean_1*mean_2)] en paralelo
#
# Fecha de procesamiento: 20-11-2020 14:15
#
# Valor de dt [s]:
0.0004
#
# Número de historias:
50
# Tasa de cuentas [cps]:
# [promedio desvio_promedio ...]
[9533.988157157717, 330.9859588078998]
# Cada columna es una historia
#
2.670604232449564464e+01 4.716845237083749254e+01 7.342704960557263405e+01 1.050829786556274712e+02 5.422062618613373530e+01 7.043113847066904043e+01 5.335280862765943510e+01 2.969716756206864616e+01 4.194200780555228647e+01 4.890124348746326177e+01 1.053568870074879626e+01 7.248240018899154791e+01 2.760333840841821029e+02 4.583375666326925568e+01 1.902451677534156360e+01 3.475377076095169571e+01 1.443055600781512453e+02 6.211427203475852821e+01 3.966384515180508430e+01 1.298327908791544694e+01 1.702152666123802476e+02 8.262981574539365326e+00 4.098163008506823246e+01 3.648819489812980521e+01 1.015842743169975293e+01 2.941587213995938299e+01 3.887976328652390379e+01 1.607150913660670142e+02 1.259111614242205768e+01 2.231401567809677644e+01 4.529545123499172377e+01 6.861983215253052037e+01 1.444274800350818033e+01 1.659914827093605538e+01 2.646094125806842712e+01 6.061995116142915663e+01 9.940067964164487790e+00 1.283509258272021647e+01 5.846576490009102400e+00 2.501840564895179284e+02 1.275060516036746350e+01 6.393470213371870159e+01 8.852823572257103990e+01 2.891635811538883516e+01 3.692327255231223404e+01 7.114637257581786400e+01 6.196120073514346238e+00 7.052722133167853258e+01 4.852936438797525653e+01 2.080532823669807740e+01
5.005143933311295257e+01 8.711027856135396519e+01 1.407476699408417176e+02 2.046469813231074397e+02 1.020595337116128718e+02 1.335426386116073445e+02 9.964565508609626932e+01 5.403050604295263071e+01 7.653366850175154923e+01 9.407783211639079468e+01 1.792519616390585213e+01 1.407471486265711178e+02 5.465996887948446101e+02 8.114622947519090701e+01 3.399881457001216489e+01 6.384144595164585212e+01 2.784883621820081885e+02 1.186572724141880144e+02 7.091984359726299658e+01 2.080035545023703136e+01 3.376098668027083249e+02 1.461163419027341348e+01 6.862136869817850027e+01 6.571687243216847207e+01 1.317029509619548655e+01 5.778244274809176062e+01 6.912640609270326308e+01 3.059247899377093631e+02 2.099657869012711231e+01 3.768660825062013942e+01 8.566116496740745845e+01 1.307467206087238196e+02 2.354004449388213160e+01 2.982634228187917103e+01 4.419936651990290954e+01 1.166312044091430096e+02 1.238880272952852124e+01 2.404296317442187458e+01 9.510290916287379659e+00 4.966148207870768942e+02 1.933362792753003845e+01 1.224753126049424026e+02 1.701056353602271827e+02 4.077949759444749134e+01 6.459933748718357549e+01 1.404203259584528212e+02 9.113504647348280585e+00 1.314655475564168228e+02 8.321709281344929821e+01 3.773097311356796268e+01
6.876529570965881533e+01 1.220263196136255743e+02 2.089661388976270189e+02 2.868376359595030181e+02 1.470242006483008765e+02 1.987946281490254989e+02 1.469181551801733860e+02 7.490303357020333408e+01 9.143611574133430508e+01 1.380701064701065377e+02 2.443783783783789687e+01 2.040677590627897189e+02 7.953464821797388140e+02 1.143521119657039407e+02 4.769094958493602121e+01 9.336950509916795227e+01 4.094678273247385505e+02 1.775023185592590664e+02 1.022045913682277103e+02 3.202645411460571268e+01 4.957639829840835546e+02 1.617560375326870670e+01 9.254710330320048683e+01 8.757584164469413679e+01 1.920885989944291694e+01 7.933786722183664608e+01 9.672424653591615140e+01 4.577867765280650474e+02 3.098263442505862031e+01 5.032237762237725320e+01 1.197306641544981858e+02 1.831286580086580500e+02 3.206255660048756084e+01 3.758490949766118661e+01 5.566057229678399665e+01 1.767289416780869544e+02 1.974933954933959868e+01 2.930261911146885367e+01 1.000461052240192750e+01 7.301135240799769690e+02 2.344989622249906347e+01 1.764354580712219160e+02 2.480725081919223953e+02 6.823685263391843137e+01 7.906315477513489043e+01 1.972819292400444908e+02 1.238487930148945715e+01 1.827195265964363955e+02 1.227719707304974861e+02 5.061006559902241264e+01
7.805479174850317747e+01 1.488814774043369198e+02 2.598794928779738029e+02 3.788113776261957355e+02 1.859701737890495963e+02 2.431938796429740819e+02 1.829623906727090912e+02 7.838157372755398455e+01 1.137704618513039350e+02 1.789041419468248364e+02 2.729294660514170801e+01 2.654005747611779498e+02 1.035335374395220470e+03 1.480822592830645874e+02 5.304651710214191951e+01 1.104765134093185850e+02 5.187709745061250715e+02 2.207287272516857399e+02 9.642187325982855839e+01 2.585807200929153282e+01 6.354102520747885592e+02 1.707532769205241863e+01 1.294325874403209582e+02 1.215186247940912949e+02 1.685683036202564367e+01 8.922963331674148435e+01 1.157168481318466604e+02 5.803991744389065843e+02 3.405817909242925623e+01 7.165900562851805944e+01 1.442958984512125937e+02 2.373706290684170312e+02 3.413204373423043592e+01 4.341807169749549900e+01 6.973095998369454662e+01 2.153122196347592876e+02 1.845007296226807370e+01 3.498405161042742861e+01 9.939348595939964781e+00 9.477284514486707394e+02 2.345884842410073290e+01 2.275631090706983173e+02 3.043623143242962215e+02 4.531235892211468297e+01 1.083103269330563450e+02 2.741635380751711750e+02 1.408157640898442864e+01 2.396716075229420824e+02 1.300596945396465571e+02 6.601013231867639774e+01
8.468449637919682971e+01 1.742749057309806915e+02 3.162862381756858099e+02 4.735780677392317557e+02 2.128765610916309754e+02 2.922844146535495611e+02 2.020965413143132139e+02 8.416731701843836788e+01 1.152768774646671801e+02 1.990083252895753105e+02 2.581184668989545372e+01 3.132895877897908576e+02 1.305952329991014722e+03 1.641076452772506116e+02 5.365592473069414581e+01 1.366058260881779631e+02 6.489430510665812335e+02 2.637219478538754629e+02 6.035796678920015523e+01 3.806166180758014406e+01 7.487269391292066985e+02 1.743882838109337641e+01 1.155976949879389508e+02 1.264904609501642199e+02 1.830118056191082943e+01 9.445218809173147179e+01 1.347599756320436768e+02 7.264800604019418415e+02 3.253994789405121679e+01 7.816493328100473548e+01 1.748722639314792673e+02 2.896689131466541198e+02 4.048750220549313639e+01 4.404896589508284421e+01 7.710267857142858361e+01 2.752382729976407063e+02 2.040973312401884598e+01 3.962326169405825738e+01 1.065531488669086357e+01 1.148902830049290515e+03 3.261608890131389416e+01 2.813434852788449234e+02 3.832358036389999256e+02 7.813292884721437304e+01 8.131858969268644444e+01 2.345248423976919980e+02 1.282767208578348495e+01 2.607237715687132891e+02 1.200919620235541458e+02 6.849131624604251556e+01
9.018544441666963962e+01 1.872189101792288568e+02 3.439285734379837436e+02 5.148903588713976660e+02 2.556336917875178756e+02 3.394932514145987739e+02 2.676583961141220698e+02 1.249382815068043158e+02 1.309191578657675450e+02 2.642003955174687917e+02 2.709690177982861670e+01 3.389719423963660461e+02 1.451661584808795851e+03 2.179959405974087474e+02 6.266250203704715460e+01 1.484960972252531519e+02 7.602381353691596360e+02 2.902071290107917889e+02 1.636575159258086103e+02 3.449017454629524337e+01 9.000943906666099110e+02 1.936424415005569344e+01 1.199914657026496201e+02 1.454351643957801912e+02 1.955189762659957253e+01 1.217413268789175760e+02 1.395629943409335283e+02 8.642635241872762890e+02 5.842383181407565473e+01 8.502925656660424636e+01 1.973760899785164042e+02 3.101114820516976920e+02 3.314388842164281357e+01 7.236061548534948429e+01 6.011576873428899859e+01 2.743323201372720632e+02 2.197420262664167367e+01 4.855996834304635001e+01 1.240625467604369092e+01 1.344139718618369898e+03 2.543743735382554760e+01 3.277608620972919198e+02 4.514895606107823482e+02 7.848470391794391787e+01 1.380249567654602458e+02 2.758702166602815851e+02 1.567722199255891269e+01 3.103631948079137146e+02 1.637207932652314639e+02 7.505540710972407226e+01
9.087299728090360418e+01 2.163796594801530944e+02 4.042326742461690401e+02 5.918500870479257401e+02 2.964200517889055959e+02 3.920681042891414450e+02 2.441422075953753108e+02 1.207890807799442570e+02 1.419741688494862899e+02 2.499410955598455928e+02 3.597436293436290100e+01 3.893647735959345368e+02 1.607672986870612704e+03 2.238219734495739033e+02 7.503200763601661549e+01 1.560095172549403912e+02 8.531359227065626101e+02 3.638489408574814661e+02 1.508935264428351672e+02 4.101435374149659907e+01 1.008475216637780136e+03 1.167802755620013500e+01 1.580991691235592214e+02 1.409223355292843394e+02 2.072568866111468822e+01 1.175131225009087643e+02 1.581351424694708214e+02 9.932235068320480877e+02 4.528571428571428470e+01 9.165254120879116329e+01 2.020789045151739458e+02 2.630763550071192753e+02 3.817331691297206930e+01 7.144736337488015465e+01 8.162268205332274817e+01 3.804254414931799033e+02 1.965787545787546264e+01 5.947534766118828742e+01 1.228396143733567669e+01 1.590660954550206725e+03 2.413864970645792241e+01 3.516666725059130272e+02 4.545098161421002487e+02 5.409817927170877994e+01 8.910952380952363683e+01 1.764498130142108607e+02 1.955835351089588414e+01 2.832118332311464997e+02 2.076018320015591030e+02 8.113193940152739003e+01
1.046140940402755604e+02 2.320751693680778374e+02 4.019143456804130778e+02 6.769091649448776025e+02 3.170595428920594259e+02 3.723589096540533774e+02 2.400865140454883715e+02 9.185046404718538327e+01 1.389188035176151175e+02 3.496724080638014129e+02 3.479335400974745340e+01 4.909393437462911152e+02 1.976193402485524530e+03 2.525795002387393140e+02 7.986184234546733762e+01 1.838431735358162769e+02 9.265474964765227242e+02 3.710890263111839431e+02 1.222013249494722658e+02 2.754332552693207248e+01 9.303893229536605531e+02 1.696520575443292245e+01 1.709036693015102912e+02 2.112279652844743225e+02 2.058090127177828421e+01 9.277149548343926710e+01 1.937754743421496926e+02 1.113793298642042600e+03 3.428310661550982275e+01 8.452064943253462559e+01 2.673151844616212998e+02 2.674415554708350555e+02 5.707669116261538989e+01 7.526251512817691491e+01 8.264514361386363817e+01 3.519989125957659439e+02 1.847751155947878843e+01 6.706968422070698921e+01 1.295806094740017578e+01 1.714078346600021632e+03 4.233168650348086715e+01 4.421058990260426071e+02 5.377833449979310672e+02 5.365859749466309836e+01 1.158791522189623748e+02 2.746490430006008978e+02 1.834720755765490807e+01 3.516567227186378659e+02 2.212380292085074416e+02 9.922024108849011270e+01
9.884528076463557511e+01 1.970197983597138034e+02 5.730302000875983595e+02 7.675308443149233426e+02 3.266934161631633629e+02 3.663198750661119902e+02 3.134079238377509569e+02 1.021272879476911584e+02 1.699579306622089518e+02 3.129253941441440929e+02 3.360574124259760964e+01 4.903362594574426794e+02 2.096797118514457452e+03 1.722296450403246126e+02 7.921463334158219993e+01 1.992278300323723954e+02 1.010365552203786024e+03 3.301335617942974068e+02 7.099930986887511608e+01 3.795282186948853820e+01 1.128837970986584196e+03 1.626597582037996048e+01 1.558451462719755511e+02 1.498730733448995522e+02 1.920063112439795106e+01 1.751218976708667014e+02 1.849773355444996241e+02 1.106388825761795943e+03 6.089887050170744232e+01 1.097480413105413959e+02 2.212013688991236791e+02 5.012878060785038201e+02 4.867477852492258705e+01 5.142083022619935662e+01 7.825115740740737635e+01 4.621183696259069507e+02 2.156101614434948033e+01 4.009384901125314116e+01 1.067189275164735207e+01 1.986314123364394845e+03 4.325583460172499883e+01 3.692289438426783477e+02 5.545710444005866293e+02 8.710610610610623894e+01 1.359002257770091546e+02 2.764803180143492227e+02 2.021531701192718344e+01 4.304876013352408677e+02 2.159709969177907851e+02 1.047781348394844372e+02
1.123309811827956679e+02 1.823141895862717092e+02 4.706632996632995400e+02 7.849763554967597656e+02 3.502844912146024399e+02 1.994653642093506107e+02 2.942895302386731942e+02 7.245076019350378260e+01 1.459247647058823247e+02 2.311608600788288470e+02 3.562862318840581111e+01 5.752938962333432755e+02 2.463042596147984568e+03 2.595766250289149752e+02 6.797916666666668561e+01 2.199644700619407161e+02 7.957571738310704177e+02 2.847591988130566278e+02 5.124687800192123177e+01 3.894679793158311298e+01 1.235221499783269792e+03 1.646955958549222032e+01 1.583387425525242520e+02 1.729685990338164174e+02 1.841012705530642179e+01 9.301578608247422153e+01 1.776304839439166869e+02 1.166361010830324858e+03 6.202120403321473674e+01 8.332379518072289670e+01 2.262009930915371001e+02 3.374024545656028522e+02 3.985982587064676608e+01 5.125434904601571873e+01 4.738245412844035087e+01 3.303023869346735069e+02 2.316853632478632008e+01 4.151405325443790417e+01 1.298338445807771180e+01 2.078999094866161613e+03 4.509822451317296554e+01 4.881738197424890586e+02 5.766054801290055138e+02 7.991523341523343049e+01 1.408499196510560409e+02 3.212063699825479262e+02 1.800554607508532357e+01 3.531400825749914247e+02 1.275386952998377978e+02 1.091945303297997043e+02
1.060951746201013037e+02 2.374840524426207935e+02 5.970792013005742547e+02 9.320346412473988948e+02 3.368179961473297226e+02 3.382829462124136057e+02 3.784530987351540148e+02 1.078842672294108098e+02 1.367180407744582453e+02 3.559608799140048632e+02 4.265077605321508969e+01 6.629952356425447988e+02 2.223482941049448982e+03 2.821095700416089471e+02 6.703522980360396843e+01 1.856060188950760335e+02 1.186920351707115742e+03 2.817793594306051546e+02 7.026651609260302678e+01 3.612987012987014879e+01 1.348584902316055604e+03 1.647244465379180411e+01 1.902016885553470615e+02 1.553438252175523075e+02 1.968344883815735002e+01 1.734239690721649936e+02 2.681959417787098801e+02 1.262744444646991042e+03 5.932930367504832958e+01 7.175207604895102520e+01 3.147072538860104487e+02 5.157179099969797562e+02 5.634713125491224162e+01 7.046934106162294142e+01 8.111621900826449405e+01 3.855790315212427117e+02 2.271416083916083650e+01 4.198230088495574108e+01 8.967373117679869665e+00 2.244282341021866614e+03 4.618991282689911060e+01 3.127122233989184110e+02 7.303113969234257183e+02 8.606477551932096048e+01 1.301467987265652368e+02 3.374509757258447848e+02 2.020724191063174047e+01 4.275077058134997969e+02 1.341580057050726396e+02 9.703509680503547941e+01
1.184080278592375635e+02 1.941149682651621902e+02 5.177991055972303229e+02 9.744694926952720380e+02 3.582604698672114978e+02 2.423806589934552846e+02 3.619457069174759454e+02 8.058270013568515822e+01 1.430478588235294524e+02 3.582472550675676075e+02 3.421111111111111569e+01 5.737898803903049156e+02 2.453843280307186888e+03 3.213430256766134789e+02 8.107073732718896508e+01 2.777111837577424467e+02 1.051770180995474675e+03 3.240298042704625914e+02 4.776609498680738142e+01 3.852983293556086153e+01 9.227138491547467538e+02 1.954507772020726009e+01 2.345384615384615472e+02 1.573898895790200072e+02 1.911434977578475625e+01 1.748672680412371108e+02 1.948639755766621704e+02 1.558003729697213203e+03 6.293670212765962901e+01 8.262614457831331549e+01 3.716712003454230739e+02 5.243894281914895146e+02 3.672552238805970859e+01 9.872785234899329510e+01 5.058312236286920438e+01 3.937043718592964865e+02 2.407596153846155929e+01 6.564631268436576761e+01 1.169601226993864174e+01 2.288907293954925535e+03 2.702938144329895920e+01 5.759179031269155757e+02 6.848769482543643790e+02 8.516744471744465272e+01 1.475635674931128278e+02 2.751578534031413028e+02 1.950392491467576761e+01 3.835971167048056145e+02 2.216861613351878759e+02 9.526647526501776042e+01
1.102860426408813765e+02 2.279578012427095643e+02 6.271693262342239450e+02 1.004970299184494365e+03 4.245731165281727044e+02 2.900548249961453848e+02 3.192710813268558354e+02 6.882967485251752748e+01 1.229042554543260053e+02 3.678510774287801155e+02 2.884728631070095162e+01 6.504645722209461383e+02 3.116853749746821904e+03 1.810913895865352572e+02 7.541704970276400388e+01 2.678258216923048849e+02 8.705305368717133661e+02 5.473208617870541275e+02 5.350100100100100775e+01 3.713719925175771408e+01 1.647595098349325326e+03 1.560677776221817226e+01 1.523853252877642888e+02 2.291192173768860414e+02 2.008556538601383323e+01 1.474909445528002436e+02 1.707700319043601951e+02 1.407853489342561261e+03 6.201744297488978219e+01 1.090200103950104022e+02 2.282411893759044403e+02 3.543889377749843561e+02 5.497546537892356611e+01 9.861835661164522548e+01 6.630421885299932683e+01 3.951431210104575484e+02 2.131531531531531698e+01 5.481926173961571891e+01 1.148698391643177175e+01 2.765566098683501423e+03 4.377489818585704739e+01 5.615405239697086017e+02 5.798347711801579862e+02 9.224955176306524152e+01 1.262675094449288622e+02 3.383110230649499499e+02 1.766110137441195960e+01 5.520780651396764824e+02 1.470065263080269915e+02 1.042713675723384199e+02
1.160246248059341099e+02 2.771106778395420633e+02 5.612638146167557807e+02 1.035847991284400678e+03 3.773172225901619186e+02 2.671930983020301937e+02 4.134341090805253316e+02 7.692076913695677831e+01 1.553403460207612170e+02 4.124366057233705192e+02 3.273209718670076285e+01 6.479513414430932698e+02 2.474101663923934666e+03 2.673235498224272533e+02 1.381660341555977709e+02 2.314067041820169095e+02 1.249249733830184368e+03 3.593614941525570998e+02 4.222563146295981085e+01 3.711273339884879618e+01 1.769410081848085156e+03 1.468515696434014117e+01 1.914101045874605802e+02 2.121275930662120572e+02 1.901661830651543639e+01 1.730043966040024088e+02 2.430444568600844093e+02 1.676468110709987741e+03 6.224827297467030007e+01 1.126130403968816722e+02 2.394260896068270768e+02 3.549622183979975603e+02 4.979016681299385283e+01 7.146345811051692465e+01 4.835590933621155330e+01 3.825252734259532872e+02 2.043740573152339479e+01 5.649443090845797144e+01 1.481306387585708784e+01 2.480584119417841976e+03 2.593996361431168651e+01 5.391088109063369984e+02 7.518915510024237392e+02 8.423673941321000314e+01 8.614649165451298529e+01 1.719127399650959944e+02 2.159144750050191064e+01 2.834521501219294919e+02 2.290713128038898674e+02 1.373666597381001395e+02
1.103064516129032029e+02 2.811791916431593563e+02 6.209510924430343266e+02 1.133263495053490942e+03 4.057913900944599845e+02 3.172763411810112189e+02 3.182895574416490945e+02 1.042214416615760513e+02 1.600796897038082136e+02 4.200491976351352150e+02 3.374085365853658658e+01 7.593849150141638802e+02 2.163534064955234044e+03 3.348678051317614859e+02 1.318633073496660018e+02 2.879834824501032813e+02 1.369034261877827703e+03 5.276487989323842385e+02 6.840683229813663502e+01 3.532589285714286120e+01 1.137660799393415573e+03 1.834391191709844193e+01 1.447303001876172175e+02 1.747099032586557996e+02 1.768301569506725812e+01 1.720587951030927911e+02 2.530223880597016546e+02 1.697706248746741494e+03 3.262234042553190960e+01 8.242187500000001421e+01 3.147964702072538330e+02 3.869842607973420172e+02 5.794542507204610615e+01 7.332256711409394256e+01 7.527539062500000000e+01 6.486836055276382922e+02 2.503605769230768630e+01 6.386393805309731420e+01 1.462615030674846928e+01 3.246801136825835329e+03 4.623351883561642950e+01 5.273288243408951530e+02 6.360007985353691993e+02 8.978378378378380376e+01 7.772227626459145711e+01 2.430618455497381944e+02 1.157033898305084740e+01 4.778097639484979027e+02 2.204071452933150965e+02 1.188763146362839507e+02
1.053091752074182637e+02 2.982774330042312840e+02 6.429804498269893429e+02 1.266083616988653830e+03 4.302799080929282241e+02 4.232872788859614843e+02 3.327023138324744878e+02 1.121925142073289976e+02 1.433204513399153370e+02 4.014753378378377420e+02 4.253369369369369224e+01 6.097620396600564163e+02 2.275382483707899610e+03 2.454376329172446276e+02 1.314778025241276112e+02 2.848112411103464297e+02 1.224545384615385046e+03 3.524363780150258094e+02 1.164429223744291875e+02 2.246079365079365431e+01 9.125103986135180776e+02 1.485204081632653228e+01 1.654629768605378501e+02 2.101100653594770620e+02 1.878086696562031932e+01 8.924557823129251233e+01 1.848028946178199874e+02 1.750861466479513410e+03 6.434444444444442013e+01 1.105740384615384926e+02 3.682079447322970509e+02 5.156252491694352784e+02 6.513160919540230509e+01 7.403579418344516228e+01 7.811922005571028649e+01 5.999437855946398486e+02 2.114358974358974308e+01 6.395024582104228728e+01 1.577382413087934765e+01 2.667556029176496395e+03 4.324771689497715954e+01 6.219773145309626443e+02 8.083694401163392058e+02 8.312268632268636281e+01 1.122261994159366623e+02 2.742809773123908599e+02 2.218079096045198639e+01 5.434150786838340537e+02 2.234505684402000156e+02 1.365291849255039835e+02
1.396741202346040893e+02 2.824653435422123948e+02 5.997110708103206207e+02 1.180571083466171558e+03 5.679427622938858349e+02 2.905300396228153659e+02 4.036912484302600319e+02 8.850369703289413792e+01 1.321375176304654246e+02 3.398131032818532162e+02 4.184823848238479371e+01 7.359529879940648698e+02 2.152767488315010723e+03 3.248598691384950712e+02 7.402238314680711539e+01 2.779248353160948568e+02 9.561553652230119269e+02 5.376202338586680298e+02 4.905612244897958618e+01 3.464234572110466104e+01 1.425323208867421954e+03 1.850444115470022055e+01 1.765728357008844682e+02 1.851362023070097393e+02 1.847982062780268464e+01 1.732477908689248522e+02 1.674026943206048088e+02 1.215553897275774716e+03 6.197948328267477791e+01 8.920499139414798151e+01 3.563678139649641707e+02 3.925058376839108405e+02 5.766252587991718315e+01 5.540747842761263797e+01 4.506913265306121019e+01 4.638995692749462023e+02 2.691666666666665719e+01 4.534808259587020274e+01 1.156091148115688227e+01 3.028394103699571133e+03 3.210689823874756144e+01 3.898480336340546160e+02 7.315350240470254448e+02 1.118469638469638596e+02 1.375519302371154708e+02 3.364970082273746357e+02 1.475377864456362786e+01 4.723107626959834420e+02 1.435419021633209411e+02 1.189534326097930403e+02
9.524724840377015767e+01 1.961088339222615389e+02 6.557338679224326370e+02 1.341934983477883407e+03 3.850640697582867347e+02 2.630091026577513276e+02 3.483000490849169637e+02 8.854283400809715943e+01 1.672835723598435322e+02 3.003392671517672170e+02 4.546634615384614619e+01 8.891337982131185527e+02 2.465263641374241161e+03 3.324710404099716925e+02 8.075097483161999889e+01 2.792660278468950423e+02 1.123358197006613636e+03 3.093863044966903431e+02 4.984393704278430448e+01 3.395396125071935955e+01 1.785766528787777133e+03 1.802271821442806399e+01 1.597526249162260683e+02 2.308284758719541117e+02 1.854528230390299015e+01 1.737026703866082187e+02 1.936215426364680354e+02 1.298945154123854536e+03 6.240307692307692378e+01 1.100235403151066294e+02 2.230392586687923142e+02 6.658715732405893277e+02 5.268814968814970001e+01 9.796503496503497388e+01 4.680663373323923082e+01 4.636644762272902653e+02 2.623076923076923350e+01 5.387742524537775068e+01 1.428362435110900819e+01 3.917957482631283256e+03 4.769944488501190705e+01 5.437870584351270509e+02 7.271728608470181143e+02 8.278533535430089785e+01 1.437218690400509047e+02 2.744997986306886446e+02 2.171646101338934542e+01 3.217107752364747171e+02 2.588717948717948616e+02 1.491047188106011845e+02
1.279008797653959277e+02 3.183276163610718754e+02 9.449662070954716455e+02 1.461348855400897492e+03 5.181544433094995838e+02 3.016096169519152568e+02 3.979056198848134613e+02 8.892578680203050112e+01 1.728447954866008729e+02 4.132612162162161553e+02 4.373983739837399298e+01 7.937033931381807861e+02 4.067130674465362517e+03 2.885126768377254507e+02 1.313676190476191152e+02 3.428675567790778018e+02 1.258897882352941224e+03 4.703231791221824096e+02 5.407222222222222996e+01 3.289221957040572875e+01 1.811342280017339590e+03 1.661181347150258958e+01 2.214234146341463543e+02 2.289118473074301505e+02 1.761901345291479259e+01 1.160692783505154324e+02 2.689736770691993684e+02 1.318776482855424092e+03 6.002581560283688589e+01 1.104300000000000068e+02 2.073776165803108711e+02 5.443184053156146547e+02 5.461417867435158513e+01 9.772483221476511517e+01 6.039853658536587488e+01 5.974182110552764016e+02 2.054666666666666686e+01 6.233557522123893335e+01 9.573006134969322289e+00 2.919801890814416311e+03 4.543178082191782607e+01 5.008329123237276690e+02 9.305385536159601543e+02 1.598649631449631556e+02 1.376584946236558835e+02 3.357439441535776155e+02 2.052805460750852973e+01 4.787286169754416392e+02 2.317330422919509090e+02 1.268973698146513556e+02
1.080553939345634262e+02 2.681300658016111811e+02 6.982172898381614914e+02 1.462507345080778578e+03 5.732617190119591442e+02 2.920455123315534820e+02 3.140720428535349811e+02 1.024454004576658974e+02 1.395747372759117582e+02 3.446299369399269494e+02 4.464215996957789656e+01 6.913432688754771789e+02 3.413150520109294575e+03 3.230119180520773625e+02 6.850349650349650688e+01 2.568648843280222991e+02 1.275575093448750522e+03 5.394816689042652342e+02 4.789600300714195669e+01 3.527574982562195771e+01 1.808718843093631904e+03 1.718224825411128975e+01 2.339825750242013953e+02 2.467477780446793361e+02 1.660012850717498623e+01 9.031741383194413686e+01 2.713987679184931494e+02 1.258244388636006988e+03 6.355661729574772778e+01 9.138594988220178550e+01 2.267158371388004241e+02 5.403358001850139090e+02 5.870270270270270174e+01 6.035636363636363200e+01 4.378260869565217916e+01 6.550495144781735917e+02 2.349498327759197025e+01 3.783150561217908603e+01 1.337029471841260708e+01 3.129738896946971181e+03 4.392559390407888742e+01 6.146527870338284174e+02 1.065986484285946972e+03 1.411231166594920978e+02 1.341335017138733576e+02 3.329615297063509729e+02 2.393648909333728980e+01 4.195331432644333063e+02 1.426864504255808583e+02 1.334066496163682984e+02
1.052187449718423267e+02 2.445358817860585248e+02 7.249891318614970714e+02 1.425689231639128593e+03 4.585620939471838255e+02 2.776479431430722684e+02 3.868667888787045968e+02 1.213298883572567632e+02 1.334891713747646236e+02 4.119576219043223659e+02 4.386896210056972478e+01 6.432614816722466458e+02 2.446559219538271464e+03 3.358476436817866215e+02 1.357357490993855151e+02 3.402650262960180498e+02 1.590984903331962641e+03 5.113821958456975381e+02 4.902462667015980458e+01 3.340704123462744235e+01 1.765578096664827171e+03 1.641780499293453133e+01 1.973447153040570470e+02 2.176046176046176299e+02 2.531303179579041895e+01 1.171740461610927753e+02 2.386562500000000000e+02 1.882293458046165597e+03 6.568462809917355116e+01 1.084753559693318579e+02 2.513781082593748124e+02 6.508933752417794949e+02 6.663035763035763637e+01 8.736104820446460906e+01 4.797206005004169072e+01 6.446827327601976094e+02 2.327272727272728048e+01 6.326355543566229755e+01 1.536058572300182590e+01 4.033897300096161871e+03 2.609278350515463529e+01 4.460493283540492371e+02 6.272251447054817390e+02 8.843204320432043630e+01 1.322935136488855505e+02 3.342785974932572231e+02 2.372137759851070271e+01 4.159321897448601248e+02 2.636147186147186403e+02 2.048263305322128929e+02
9.947337012058044081e+01 2.848375231364631190e+02 8.221863509481181609e+02 1.686564550630203939e+03 5.494202313693838278e+02 1.614268090484306413e+02 4.180853447397901164e+02 1.424024060150375988e+02 1.400041251905658726e+02 3.407337516087515041e+02 3.865187491890489468e+01 1.011396135917382253e+03 4.407992562258273210e+03 3.332809887313703712e+02 6.448704318936873392e+01 2.490000000000000000e+02 1.538051885369532329e+03 2.588551080966511222e+02 4.705118704542334740e+01 3.171257191822745369e+01 1.329800231280717298e+03 1.331852948433258987e+01 2.359352786613193587e+02 1.518009793289296283e+02 1.678301665493784611e+01 1.742060202319269138e+02 2.585842217484008074e+02 2.407492808435046754e+03 6.436952380952381247e+01 1.094685025817556010e+02 3.660803806185051030e+02 8.123822188449848909e+02 6.529443729443727307e+01 8.620811287477954465e+01 5.184141546526866762e+01 5.076994347034589623e+02 2.643833943833943678e+01 6.110103151052705783e+01 1.350340136054421691e+01 4.270879948855050316e+03 4.870921289477992389e+01 6.267701964906133298e+02 7.975502645502647283e+02 8.076379066478075686e+01 1.291933621933621907e+02 3.336876921798387343e+02 1.871802372826263650e+01 3.299761585170979856e+02 1.663749055177625849e+02 1.408665688497620749e+02
1.097752212389380588e+02 3.224867491166077684e+02 8.296569737222060894e+02 1.689779267449896224e+03 6.203375835475579834e+02 2.666495616171455936e+02 3.590536205316224141e+02 1.359086315789473076e+02 1.604639830508475313e+02 3.252961928934009848e+02 3.953869209809264618e+01 1.116468460812086960e+03 2.170968908489526257e+03 1.704793199167245348e+02 1.379552447552447916e+02 2.865196280991735875e+02 1.490979977375565795e+03 5.012538278931751847e+02 4.830835734870317566e+01 3.237984084880637425e+01 9.444358629661750228e+02 1.650310880829016469e+01 2.181696999031945552e+02 1.919623188405797407e+02 1.917586206896552525e+01 1.719968911917098922e+02 2.352542119565218002e+02 1.811021841155234597e+03 3.090400000000000702e+01 1.091154216867470126e+02 3.996738786279683495e+02 4.294071143617020994e+02 5.644594594594594383e+01 6.052384341637010579e+01 4.980917431192662548e+01 6.537971830985916313e+02 2.840769230769231513e+01 6.124272997032643673e+01 1.354362416107382749e+01 3.909863645240031929e+03 4.842061855670103654e+01 5.434721030042920802e+02 9.625510299625466359e+02 1.590205445544554266e+02 1.357735537190082766e+02 3.386361256544502680e+02 1.264982935153583554e+01 3.990841961852862028e+02 2.656629629629629790e+02 1.183529411764705941e+02
9.030102754595012016e+01 2.700104965383756621e+02 6.120236442915922908e+02 1.510590436034678305e+03 4.961995670409957597e+02 2.629784549092028101e+02 4.665579494440779058e+02 1.125776546629732167e+02 1.702062858568221486e+02 3.419587518414356282e+02 2.976430873101119801e+01 1.026303662839819026e+03 4.396385597400334518e+03 3.319157018152599221e+02 7.888946141577721960e+01 4.844796048091241119e+02 1.416765182186234597e+03 5.279693711713963467e+02 4.688882147732443428e+01 3.318012946805516350e+01 8.875909526635324482e+02 1.623779656394873427e+01 2.360495236154277450e+02 2.147638848502471660e+02 2.224371273010110883e+01 1.711685301336241878e+02 1.842663129212677404e+02 1.877531087043721982e+03 6.422672064777326284e+01 9.609152190821876616e+01 3.721189204255121581e+02 5.081189809630458285e+02 6.908866761498340736e+01 1.039253588516746305e+02 5.099323998068565800e+01 4.303144127925447719e+02 2.670040485829959565e+01 6.069155083554583285e+01 1.005581066760862008e+01 3.534638131129288013e+03 4.756918068366795183e+01 6.366552647713705255e+02 7.124795978710823192e+02 1.585028660760812613e+02 1.394128266724903824e+02 2.703852300909342148e+02 2.027016346326567131e+01 2.586916882369858968e+02 2.624336767845538816e+02 1.368691336183596263e+02
6.989340901923684157e+01 2.664766961651917541e+02 1.066024150326797098e+03 1.474652821983836930e+03 5.090746849942725021e+02 2.309104938271604794e+02 4.179619641093744917e+02 1.106750995549308954e+02 1.436265929436545434e+02 4.094599505327244060e+02 2.599382716049382580e+01 8.666788063252170105e+02 3.252410490424271757e+03 3.269477985966534561e+02 1.349958463136032947e+02 2.648433855125843479e+02 1.034649597787832818e+03 5.217096199524939948e+02 4.938184201901015768e+01 3.135561497326202129e+01 1.205524910860556929e+03 1.212895797351756144e+01 2.161485425406044669e+02 1.916150766150766174e+02 1.747016967706623447e+01 8.803742384682330169e+01 1.223222827732364806e+02 2.319152738779694118e+03 6.380423280423279664e+01 1.027159277504104438e+02 3.442579185520362444e+02 7.704726290871431047e+02 4.854054054054053324e+01 1.065082828282828444e+02 5.056116207951070152e+01 6.669331544824502771e+02 2.753490028490027797e+01 3.446191889218594184e+01 1.220879940343027847e+01 3.625817819365337982e+03 4.588736158839250123e+01 6.200518700518700825e+02 9.292285684560969230e+02 1.403756875687568595e+02 1.381579354041106455e+02 3.352129144851657543e+02 2.284414106939704325e+01 4.322258163187276523e+02 2.637663716814158761e+02 2.264051250129681705e+02
1.292118768328445810e+02 1.934000156715248124e+02 6.142286639105215045e+02 1.890003399925866006e+03 5.220250255362614098e+02 3.063903604093090962e+02 3.141591391330705960e+02 9.570318668922726602e+01 1.414443922060283114e+02 3.964791666666666288e+02 2.470129479072568301e+01 7.435421606686948053e+02 3.374351205345356448e+03 2.443601479426722278e+02 1.332378432854623611e+02 2.999871530167469018e+02 7.892491704374056098e+02 5.211867668380124314e+02 5.014969135802470390e+01 2.937417130734552728e+01 1.629412223667100079e+03 1.661370178468624914e+01 1.815891181988742744e+02 2.094082405513897811e+02 2.196512207274539463e+01 1.710137457044673113e+02 1.600132669983416349e+02 1.490848762337633389e+03 6.105516154452323718e+01 1.071127136752136408e+02 3.449569180579543399e+02 4.121543743078626107e+02 5.867595260967017623e+01 1.118739746457867454e+02 6.194613821138210596e+01 4.286295924064768883e+02 2.467948717948717885e+01 5.466273352999017732e+01 1.365235173824130754e+01 3.883670635243494416e+03 4.277815829528158531e+01 5.971307991007561213e+02 7.089856608478802400e+02 8.658422058422056011e+01 1.321085722819593968e+02 3.336397130114407332e+02 1.182745544178991537e+01 5.197797884053808275e+02 2.314679399727148166e+02 1.602385995881141696e+02
9.432392466868172676e+01 2.215209727707337208e+02 9.740459988789046974e+02 1.387514602570269290e+03 5.025946173761213345e+02 2.442047866626563462e+02 3.533981446726365903e+02 1.017931888544891308e+02 1.481146560319043033e+02 3.682728537360890186e+02 2.624296675191815709e+01 6.307735377437093121e+02 4.411622115831451083e+03 3.227552761562640740e+02 8.085090810517753823e+01 4.869475729727541875e+02 1.078001650252861054e+03 3.001119916215744183e+02 4.282251229021868255e+01 3.082176910664515646e+01 1.775616703229426776e+03 1.376653459311186012e+01 1.550727179545583851e+02 2.093080014614541540e+02 2.069603013619240883e+01 1.692468759524535074e+02 2.171161305770612273e+02 2.368198131238054884e+03 6.321326203208558070e+01 1.069717930545712505e+02 2.257839073453216088e+02 6.503232165206509308e+02 5.626709062003180151e+01 6.725846702317289783e+01 5.052185644900161776e+01 6.518903931421813240e+02 2.472398190045248967e+01 5.823634142084134169e+01 1.147816672681342531e+01 4.482920796438997968e+03 4.613583990297147608e+01 6.883325999927866405e+02 8.120396563119628581e+02 7.800608519269778185e+01 1.361716091395235253e+02 2.691912534647367465e+02 2.111463561533827971e+01 3.408989245665735552e+02 3.608683473389355640e+02 1.061324765200197788e+02
8.452726628895183580e+01 2.855043362831858076e+02 1.041036312849161959e+03 2.078911072144288482e+03 7.373883389046028469e+02 2.404365862573099264e+02 4.589954030033711661e+02 9.332844342937457327e+01 1.630367890995260893e+02 3.967086184773310720e+02 2.937099125364431274e+01 6.406591624685138413e+02 2.399800119441382321e+03 2.413835010409437700e+02 1.380645443925233451e+02 3.338121980676328349e+02 1.347813461538461524e+03 3.249836698337292660e+02 4.797197640117992989e+01 3.046022727272727337e+01 1.802701973113616532e+03 1.663795336787564594e+01 1.747815827686350474e+02 2.039322195290858986e+02 1.638177339901477936e+01 1.751315274151436086e+02 2.626193801089916633e+02 1.854328620136381687e+03 6.360989010989010239e+01 1.216317733990148042e+02 4.017461538461538453e+02 4.649846870838881614e+02 6.731306306306305487e+01 1.059395454545454527e+02 5.083084862385321401e+01 5.014216549295774144e+02 2.029407051282051810e+01 6.772663204747775012e+01 1.325503355704697839e+01 4.524608431651749015e+03 2.519286941580755723e+01 6.430271038083538997e+02 7.652834347690385357e+02 7.629702970297032039e+01 1.355992698191932959e+02 3.337589441535776587e+02 1.695392491467577045e+01 4.083017894012388638e+02 2.608358407079645644e+02 1.165595238095238102e+02
1.213550219941348871e+02 3.056483162905501558e+02 7.206428159261395194e+02 1.417062377775221421e+03 5.780624680796731809e+02 2.896379810793378624e+02 4.826178387390118019e+02 8.540295288652954753e+01 1.674483427362482360e+02 3.977263513513514113e+02 2.747594850948509304e+01 9.175356861819328742e+02 3.790099913178578390e+03 2.555713046495488925e+02 1.314850230414746477e+02 2.208659669649001387e+02 1.355027884615384664e+03 5.051321915776988476e+02 4.431003694581281849e+01 3.019003579952267202e+01 1.800997941048981147e+03 1.465608808290155451e+01 2.277779080675422563e+02 2.012556073153899092e+02 1.997253363228699286e+01 1.663669458762886677e+02 2.611446743554952832e+02 2.093863495087226966e+03 5.985682624113475470e+01 1.253584337349397515e+02 2.624300518134714366e+02 6.901334717607974198e+02 4.140615942028985330e+01 8.648238255033555788e+01 4.586473214285715017e+01 6.489982412060302295e+02 2.199679487179488291e+01 6.611910029498525887e+01 1.351073619631902112e+01 4.968162171507607127e+03 4.440539383561645081e+01 6.132363580625383292e+02 1.021440149625934964e+03 1.552030098280098116e+02 1.364629629629629619e+02 2.422281849912739915e+02 2.097909556313993207e+01 4.918625929164845729e+02 2.284300818553887780e+02 1.319721731448762796e+02
7.639877787962113587e+01 2.975184347006128860e+02 5.651190198366394952e+02 2.151909854169071423e+03 6.313237703513282213e+02 1.738413255360623850e+02 4.001964333027615908e+02 9.409946198830409969e+01 1.984149763033175304e+02 3.994382810291207306e+02 3.067638483965014728e+01 1.021043248347497638e+03 4.431384907509494042e+03 3.206277122368725259e+02 1.338884226884226791e+02 3.553181504485852429e+02 1.293535384615384601e+03 5.186003167062549437e+02 4.527992315081652208e+01 3.017219251336898367e+01 1.804552934374096367e+03 1.541968911917098595e+01 1.449608260729267499e+02 2.239738489871086244e+02 1.577996715927750415e+01 1.730815198618307136e+02 2.619169845594913681e+02 2.438598395507420719e+03 6.444151404151403995e+01 9.303940886699507473e+01 3.918651368049426651e+02 4.051971631205673816e+02 6.254014014014013156e+01 1.046055757575757497e+02 4.888746177370030921e+01 8.420441314553991106e+02 2.414188034188034138e+01 6.480079129574677665e+01 1.238299776286353371e+01 5.593486639544345053e+03 4.522382588774341627e+01 6.006830165542611439e+02 7.951298377028714413e+02 1.552270627062706296e+02 1.334213001383126027e+02 3.334575916230366488e+02 1.048737201365187666e+01 3.365417122040072968e+02 2.654596119929453266e+02 2.192939931528166824e+02
1.262907759882869811e+02 2.876676069581570232e+02 1.081530411380238320e+03 1.326864826740263652e+03 3.558353842226193251e+02 3.650749717726759513e+02 3.551297160755784716e+02 9.521787184009406246e+01 1.892964112208117911e+02 3.400378378378378557e+02 3.390522522522522308e+01 1.136354716189277042e+03 3.817425957731895778e+03 3.242014794267221305e+02 6.673674832962137771e+01 4.566729983941270916e+02 1.318150286576168810e+03 5.164356662712534671e+02 1.103789954337899530e+02 2.927555555555555600e+01 1.801891738879260629e+03 1.357959183673469283e+01 2.197437148217636036e+02 1.409877995642701478e+02 1.415784753363228532e+01 1.387877551020408191e+02 2.342932609678878180e+02 1.239264353987032791e+03 5.802127659574468055e+01 8.960512820512819587e+01 4.089018998272883891e+02 8.447801550387596308e+02 5.760842911877394812e+01 8.560671140939597024e+01 7.323268337975858344e+01 4.073933668341708767e+02 2.072307692307692051e+01 6.580176991150442234e+01 1.167198364008180000e+01 5.589496179397488959e+03 4.494337899543378967e+01 5.969800940118536801e+02 6.828739171081333552e+02 1.558496314496314312e+02 1.298287859824780810e+02 1.657545084351366995e+02 2.093333333333333357e+01 6.040251216022888912e+02 3.404271032287402932e+02 2.009089103125912743e+02
7.109008773078433308e+01 2.538263790664780970e+02 1.092162110351725232e+03 2.229738741115746507e+03 5.806378993756885620e+02 2.693361528822055107e+02 2.940103507009651480e+02 8.049624060150375726e+01 1.268906567366283156e+02 3.778055252635404031e+02 3.945106205747603667e+01 1.141109267503035198e+03 2.190272326350605908e+03 3.304044810151680736e+02 1.376953046953047135e+02 4.656782017154689015e+02 1.422841628959275795e+03 5.065434340006786442e+02 4.574063400576368821e+01 1.757219251336898225e+01 1.807966794697063278e+03 1.387638786084381870e+01 2.224646660212971483e+02 2.289677387529597468e+02 2.266502463054187544e+01 1.689045151739452137e+02 2.554610743479952930e+02 2.409035585353274200e+03 6.451177394034536405e+01 1.112280084447572079e+02 3.837192031269701147e+02 4.907479103343464999e+02 6.058429858429857973e+01 1.049012987012986855e+02 4.827457404980341948e+01 6.468444955446967697e+02 2.199175824175824090e+01 6.436583298007630560e+01 1.232406519654841581e+01 4.315246716261769507e+03 4.466863033873342204e+01 1.212155995445388726e+03 1.012827447833065889e+03 1.555583451202263348e+02 1.310841730883224159e+02 3.328638743455497320e+02 1.932325694783032333e+01 3.924716042154566367e+02 2.576137566137566637e+02 2.027270908363345541e+02
1.196134268956849240e+02 2.227052689905299019e+02 6.625322015740246115e+02 1.773785591033836681e+03 5.172764871074803068e+02 2.731702872580911503e+02 4.247825748062181219e+02 8.743162579631730580e+01 1.161601853717509414e+02 3.931616795366794008e+02 3.780255516840881569e+01 1.230211520302172175e+03 4.363776774294588904e+03 2.409450168416881297e+02 1.267909640470887638e+02 2.284492183659423574e+02 1.657815126050419394e+03 5.059938993390950941e+02 6.287843833185446840e+01 3.058673469387754906e+01 1.799616365436989554e+03 1.354330125832716192e+01 1.728316805146073136e+02 2.316450392784404073e+02 1.972581678411274453e+01 1.768067010309278260e+02 2.600734638495832201e+02 2.433017960984273031e+03 6.085562310030395139e+01 1.067582417582417804e+02 3.868963730569947188e+02 8.745923113431421143e+02 6.659489501852614524e+01 8.211744966442951466e+01 6.863595779220777615e+01 8.403689877961235197e+02 2.804945054945054750e+01 4.390391908975980328e+01 1.344609991235758173e+01 3.701476589464387416e+03 4.589970645792563886e+01 7.621691337479197728e+02 1.006567199394559907e+03 1.511210951210950952e+02 1.312840466926070064e+02 3.318429319371727502e+02 1.314769975786924583e+01 4.791348865726546933e+02 2.309865523289806788e+02 1.264229372730687402e+02
1.022251761458560537e+02 2.329451872021783743e+02 5.582378033610024204e+02 1.446041204581108104e+03 5.876951559625769050e+02 2.729661118608487413e+02 4.688094014474647224e+02 8.310232985566788955e+01 1.418637258476121019e+02 3.673588208198986536e+02 3.758555729984301763e+01 1.234529064134857663e+03 4.424178017131711385e+03 3.178760476165056161e+02 1.357526959022286235e+02 2.541092530657748227e+02 1.653392342499129654e+03 5.054882148730129074e+02 4.494349897889719614e+01 3.287659399424105544e+01 1.798857362065513826e+03 1.267277799920286974e+01 1.683535631841536713e+02 1.730317494140209362e+02 1.359681697612732165e+01 1.684205663787909373e+02 2.603686858101026473e+02 1.191643216390508996e+03 6.120710059171598516e+01 1.059283819628647336e+02 3.857303167420815271e+02 7.869354706545117324e+02 5.699976899976901024e+01 1.209124475524475884e+02 4.817007762879322286e+01 6.065774647887324136e+02 2.523076923076924061e+01 4.480255649395115114e+01 1.370986060918947125e+01 3.571658196156974554e+03 4.463177372455724878e+01 6.044734454734455085e+02 6.850725055219436399e+02 1.030982482863671095e+02 1.291672194286937270e+02 3.374976506913679373e+02 2.072564977684431753e+01 3.300521996929430202e+02 2.658924438393465834e+02 1.323911513323278086e+02
1.142587412587412814e+02 2.390617337528479993e+02 1.071862004662004892e+03 2.506483377430116434e+03 7.129629950397605853e+02 2.957470633722428488e+02 4.094989731142644587e+02 9.326702461325817239e+01 1.262706968325792047e+02 3.899571205821206945e+02 3.747909698996657113e+01 1.227284472530931453e+03 4.274814914834661977e+03 3.081306784818235087e+02 1.321960297766749193e+02 3.572798983535390107e+02 1.656324886877828249e+03 4.963832914859621042e+02 2.289204167590334649e+01 3.071378740591151768e+01 1.798807042112634008e+03 1.189159027500996224e+01 2.151737462913379488e+02 2.148242289111854575e+02 1.674715419110037828e+01 1.704829500396510582e+02 2.587550360087673766e+02 2.265008948131691341e+03 6.125047905830824391e+01 1.144337349397590486e+02 3.685881493290821140e+02 4.838240589198035764e+02 4.314718714121700316e+01 1.204361564361564376e+02 4.736979534227241828e+01 6.348293776575185348e+02 2.946942800788955807e+01 5.685980883022304511e+01 1.104577630957999190e+01 3.984900133305796317e+03 4.433571239756808779e+01 6.020250907890392682e+02 8.175246326707000435e+02 8.061047061047058548e+01 1.275806314897224070e+02 3.309120687340582094e+02 2.080651089524809549e+01 3.710920899121102252e+02 3.834963221543450231e+02 1.187950530035335532e+02
9.220640176600441862e+01 1.282627257799671554e+02 1.039708590761988717e+03 1.956242797626065794e+03 6.439497283818684537e+02 2.218395091825125576e+02 4.396507936507935597e+02 8.700901542111502351e+01 1.415969594048196427e+02 3.578724315068493524e+02 4.110909090909090224e+01 1.098106055835432471e+03 2.357428799901581442e+03 3.151734378712284297e+02 7.093769470404986066e+01 4.782933333333332371e+02 1.623433823529411711e+03 2.807639548693586562e+02 4.489102564102563520e+01 3.587622877569257440e+01 1.795876553917316869e+03 1.505181347150258730e+01 2.184764440141981368e+02 2.276845940319223018e+02 2.100577557755774905e+01 1.781636205395996626e+02 2.548781264211004896e+02 2.455024941491140453e+03 6.380952380952381020e+01 1.251264367816092005e+02 3.807588235294117567e+02 8.858144016227180373e+02 6.029757785467128173e+01 1.187001216545012312e+02 4.727446483180427350e+01 6.448968812877263872e+02 2.877777777777777501e+01 5.565133531157269431e+01 1.256152125279642284e+01 4.329557937993328778e+03 4.684025374855823287e+01 5.875887113296455482e+02 9.895262336039975253e+02 7.422580645161289681e+01 1.400224719101123299e+02 2.638131932282545904e+02 1.781683731513082591e+01 4.953145216792843257e+02 4.121339233038347629e+02 1.200026455026455210e+02
1.061978787878787927e+02 2.935200377180574947e+02 9.884783154641166902e+02 1.430071110342973043e+03 6.502967437874892767e+02 2.877206790123457267e+02 4.321024035034118356e+02 7.680163742690058370e+01 1.454563398073582903e+02 3.527296076771098114e+02 3.678409090909090651e+01 9.861083307103134530e+02 2.915096257503367724e+03 2.447427712236873276e+02 1.033434343434343390e+02 4.773632390154127734e+02 1.573549019607843093e+03 2.625248416468725168e+02 4.150528338136407314e+01 4.062222222222221291e+01 1.796885660595547733e+03 1.169516407599308927e+01 2.122155534043239697e+02 1.478678637200736716e+02 2.089655172413792883e+01 1.646791882556130986e+02 2.548949275362318758e+02 2.138220751437358103e+03 6.284126984126983473e+01 1.216096385542168292e+02 3.720262617370892144e+02 8.677215203900709639e+02 5.864864864864863847e+01 1.185830303030302986e+02 4.875535168195718683e+01 8.395960764587523499e+02 2.584722222222221788e+01 5.535558852621166892e+01 1.215436241610738222e+01 4.463881299159206719e+03 4.538258877434135030e+01 5.645579399141629438e+02 9.894030898876403626e+02 7.028259075907590159e+01 1.255103734439833971e+02 3.376861547411285187e+02 2.325938566552900610e+01 3.369593579234972367e+02 2.120958259847148497e+02 2.042578586990351823e+02
1.167616080156402916e+02 3.171782440056417158e+02 9.001610902797808649e+02 2.473832163809962367e+03 7.336638576779024561e+02 2.365893099701168012e+02 3.593714762049106639e+02 7.234380287648052388e+01 1.413689860523428763e+02 3.841661036036034602e+02 3.658220415537488890e+01 8.990931696569087990e+02 4.390646743435080680e+03 2.946229773462783896e+02 1.252683295540438309e+02 4.749377150722641545e+02 1.484752450980392041e+03 4.276792210359827209e+02 4.259992283950616354e+01 3.148528241845664155e+01 1.797751842219332275e+03 1.348013816925734254e+01 2.208739837398373709e+02 2.138601454214951616e+02 1.194992526158445401e+01 1.677422680412370823e+02 2.550734961555856444e+02 1.273103636120579949e+03 5.584338061465720671e+01 1.206302083333333286e+02 1.709440126655152028e+02 5.098570321151717621e+02 5.192651296829970420e+01 1.206275167785234572e+02 5.622611788617887640e+01 7.693134003350083958e+02 2.452777777777777501e+01 5.505506391347098116e+01 1.086503067484662388e+01 4.802501342445692899e+03 4.590696347031963143e+01 1.004941242591457012e+03 9.400635390689943733e+02 1.542940212940212632e+02 1.228965053763440949e+02 3.316323443862710860e+02 2.070079635949942798e+01 4.064281918713198252e+02 2.184911323328786352e+02 1.896453368637834558e+02
8.897359594048336362e+01 2.340232056344909211e+02 6.156471154617669299e+02 2.339580281056050808e+03 7.003233672552399867e+02 2.822533132396613951e+02 3.134783268679372554e+02 8.330274991912003202e+01 1.398179171628953270e+02 3.852552926525530097e+02 4.049752066115702576e+01 8.306823906572016085e+02 4.438007716955493379e+03 2.308161731354888673e+02 1.304358538657604356e+02 3.844945454545454595e+02 1.417104483751542602e+03 4.851597927013602316e+02 4.542388380849919116e+01 3.346721910796978250e+01 1.794241662067334346e+03 1.095430993876590087e+01 1.765456305553111349e+02 2.118983029461863907e+02 1.923942394239424303e+01 1.759976263944932668e+02 2.536728264913804480e+02 2.291456040849822330e+03 6.225774225774226522e+01 1.178598298253470631e+02 3.416904977375564840e+02 3.825664761202286854e+02 6.268386284995283120e+01 1.182581287325812980e+02 4.674812343619682764e+01 4.163217486738614070e+02 2.529370629370629331e+01 5.483679525222552797e+01 1.594874923733984318e+01 5.387441007848853587e+03 4.212645486001887463e+01 1.249846231211934992e+03 7.501470103912329250e+02 1.551513647642679814e+02 1.403258426966291950e+02 3.298433370482407554e+02 1.206453614644741101e+01 4.286236626415567343e+02 2.689486725663717834e+02 2.014122740005093135e+02
1.067319390050829071e+02 2.743089880416612800e+02 6.086891906226792344e+02 1.570840313559233209e+03 5.550617901378825536e+02 2.640893141945773550e+02 2.500227898057308096e+02 9.112191387559809641e+01 1.777744937526927629e+02 3.870862826740689115e+02 3.704797243572753729e+01 8.011262769336424299e+02 4.412815976746516753e+03 3.240840325531513031e+02 1.335410044500953575e+02 2.319638622247317983e+02 1.431750802139037432e+03 4.930980349816452986e+02 4.130626146188104997e+01 3.198881866796304507e+01 1.788425687928723619e+03 1.422138483278379795e+01 2.109837190882689981e+02 2.199186338523354607e+02 2.317689207344379199e+01 8.379604333490345880e+01 2.536925935100322249e+02 2.433950005469861026e+03 6.217782217782217913e+01 8.779802955665023489e+01 3.775588542084570918e+02 8.617819148936171132e+02 6.112694512694512383e+01 1.190750413223140640e+02 5.476480400333610277e+01 6.427259923175416816e+02 2.431468531468531680e+01 5.371675209063933210e+01 1.184868822452715342e+01 6.394130438641910587e+03 4.197750702905342024e+01 1.226941530572431475e+03 9.762168879809329383e+02 1.531440144014402165e+02 1.295805356469256822e+02 3.333936220847215850e+02 1.943654979832453833e+01 5.327675111773472736e+02 2.752756132756132956e+02 2.044782276546982587e+02
1.132452679285523800e+02 2.549569175535324632e+02 9.633786392488068486e+02 1.402010604143354612e+03 4.955610548797474166e+02 1.829079830122484225e+02 3.669324801412180364e+02 8.883027013691871332e+01 1.809363850267379519e+02 2.555890663390663349e+02 3.583739837398373851e+01 8.304197785217616001e+02 4.173692315364284696e+03 2.344356822913381109e+02 1.336786761625471627e+02 2.555813051367077264e+02 1.596089099136157301e+03 4.949139437075380101e+02 3.413624370352603421e+01 2.760034714688652713e+01 1.794669582692989934e+03 1.383702308054639829e+01 2.084316902609586180e+02 1.485548654244306306e+02 1.576437015898899574e+01 1.628406747891283999e+02 2.421571481435796045e+02 2.417239185518712020e+03 5.938297872340425698e+01 5.798510405257390943e+01 3.894465379180405193e+02 8.630614119922631744e+02 6.092754409769333535e+01 1.195478950579621795e+02 4.243498273878020655e+01 7.553748743718591641e+02 2.581118881118881347e+01 5.203378921962993076e+01 1.066480758505297999e+01 7.310481505314309288e+03 4.156513589503280315e+01 8.036754918900840039e+02 9.744545454545457233e+02 1.495639937458119562e+02 1.298835462058602559e+02 3.383969538315088244e+02 1.920570896680111161e+01 3.902049511129602593e+02 3.484655455809838145e+02 1.857658207516865332e+02
9.757218543046357695e+01 1.831891917742706539e+02 9.858635827931644826e+02 2.379242717301568518e+03 6.089989571899012617e+02 3.699748415407117932e+02 4.444048297213623187e+02 1.587814285714286484e+02 1.609471588149587262e+02 3.875946459412781451e+02 3.750638297872340132e+01 9.886700504413616954e+02 2.326034582026204134e+03 3.422051391862955256e+02 1.332074766355140412e+02 3.619807565789474779e+02 1.598822986425339650e+03 4.801604513064132789e+02 3.925253731343283192e+01 3.157311827956989703e+01 1.744491326973113928e+03 1.281145833333333428e+01 2.122050338818974069e+02 1.851327142857143144e+02 1.860693069306930525e+01 1.700356955380577801e+02 2.194690313778990571e+02 1.763693416298675174e+03 6.073553113553114002e+01 1.038222222222222513e+02 2.300164855072463297e+02 6.329025016903311780e+02 7.173082706766918193e+01 1.116048979591836741e+02 4.572293577981651680e+01 8.373378269617708156e+02 2.480512820512820937e+01 5.128605341246290550e+01 1.391020408163265287e+01 7.606841959635417879e+03 2.387058823529411811e+01 6.157620519159455625e+02 9.565169893816365629e+02 1.503630922693266996e+02 1.474484507042253654e+02 3.279460595446585103e+02 1.876494845360824826e+01 3.725903647625602275e+02 4.192127433628318158e+02 1.941206349206349273e+02
9.220435193945128560e+01 2.355213019891500892e+02 1.059659117647059247e+03 2.636019665173308113e+03 5.007267259414226714e+02 2.373635964912281224e+02 4.679501995701567125e+02 1.759807965860597392e+02 1.701983886255924290e+02 3.667744863013698478e+02 3.815481927710843024e+01 1.290977078085642461e+03 2.554452443954428873e+03 3.163193798449612473e+02 8.436028037383177036e+01 4.786520718232045510e+02 1.594895339366516055e+03 4.846597387173397919e+02 4.205781710914455118e+01 3.380750670241287992e+01 1.543213269731136734e+03 1.240932642487046778e+01 2.216141335914812203e+02 1.630213740458015366e+02 1.208472906403940961e+01 1.749759791122715171e+02 2.530373297002724655e+02 1.534587685519455135e+03 2.703443223443224497e+01 1.033940886699507615e+02 3.802756561085972749e+02 4.739029980013324348e+02 5.070390390390389967e+01 1.180000000000000000e+02 4.307889908256881029e+01 8.406068410462778502e+02 2.480512820512820937e+01 5.120771513353115978e+01 1.192483221476510025e+01 7.550391000813669052e+03 4.136401384083045940e+01 5.826270270270269975e+02 1.186448594628357569e+03 1.492430693069307210e+02 1.548458970792767957e+02 3.117127399650959774e+02 1.862184300341297316e+01 4.287092911218168183e+02 4.118573451327432622e+02 1.628748832866479859e+02
1.302794849785408076e+02 2.576469964664311760e+02 1.049613283280392807e+03 1.952822759732780924e+03 4.838604519774011692e+02 2.240247382517653136e+02 4.731543538038497445e+02 1.762495438596491795e+02 1.607719397363464964e+02 3.075003378378378329e+02 3.272697547683924313e+01 1.500899087189172633e+03 4.365531495773612733e+03 3.075007633587786700e+02 5.705674418604650810e+01 4.733484848484848726e+02 1.596661312217195018e+03 4.838223145400593239e+02 3.990201729106627226e+01 3.256709511568122650e+01 1.306368863833478372e+03 1.076787564766839367e+01 2.200424007744434221e+02 1.629585921325051743e+02 1.444729064039408861e+01 1.729450777202072800e+02 2.437373134328358333e+02 2.342532611311673463e+03 5.892800000000000438e+01 1.007836144578313196e+02 3.758268185801927643e+02 8.632944148936171587e+02 6.025705705705706805e+01 1.380444444444444514e+02 5.387706422018349883e+01 4.896670020120725439e+02 2.424102564102564727e+01 5.057448071216617080e+01 1.214285714285714235e+01 7.277297786818550776e+03 4.991271477663230627e+01 5.811759656652361627e+02 1.193298626716604531e+03 1.496678217821782653e+02 1.689121212121212352e+02 3.314935427574170603e+02 2.076177474402730283e+01 4.352059060402684167e+02 2.127544973544973459e+02 1.190844070961718018e+02
1.165790322580645295e+02 2.532030324400563757e+02 1.042742197865590015e+03 1.359118325089152222e+03 5.861166198621396006e+02 2.964901196449247891e+02 4.644413458623824908e+02 1.466215027489310216e+02 1.909929478138222976e+02 3.898461148648648873e+02 3.302168021680216725e+01 1.532859678942398887e+03 4.372614215238442739e+03 3.213647711511789566e+02 1.259327394209354054e+02 4.632476256022022767e+02 1.587608461538461597e+03 4.776893238434163891e+02 5.469896480331262723e+01 3.056904761904761969e+01 1.089852859618717730e+03 1.415336787564767107e+01 1.329883677298311682e+02 1.523614392396470123e+02 1.638385650224215695e+01 1.600427835051546595e+02 2.302447761194030136e+02 2.415635933426909105e+03 5.660780141843972046e+01 1.002572115384615756e+02 3.909497409326425554e+02 8.627679734219270813e+02 5.622132564841498237e+01 1.193832214765100588e+02 6.618125000000000568e+01 6.319087437185932004e+02 2.331025641025641804e+01 4.981297935103246743e+01 1.347975460122699332e+01 6.753282827625477694e+03 4.957260273972602249e+01 5.704309012875537519e+02 1.174579557494546634e+03 1.487891891891892158e+02 2.068599221789883416e+02 3.367650959860383182e+02 1.736677966101695247e+01 4.592681545064378383e+02 2.102818553888130566e+02 9.532392638036809274e+01
1.000495710200190445e+02 2.146973803071363420e+02 7.518751229105210996e+02 1.966752080302970398e+03 8.383515708812260527e+02 2.080632211929139714e+02 4.570075679394564645e+02 1.624412675720752759e+02 1.584187577572715782e+02 2.968503166378814058e+02 3.694292468760551884e+01 1.560248984167016488e+03 4.410760861987657336e+03 2.410278372591006359e+02 1.323478712357216978e+02 5.436775256932326101e+02 1.473728004022121695e+03 4.692377936130905027e+02 4.434825870646765367e+01 3.011589008363201714e+01 8.920222607690084260e+02 1.458796296296296013e+01 1.925205980423792482e+02 1.605295265983406523e+02 1.865676567656765883e+01 1.661242344706911638e+02 2.168749431559799632e+02 2.400413540550196558e+03 5.811314611314610801e+01 1.021618655692729760e+02 4.109327697262480683e+02 8.704844113890767403e+02 6.289473684210526727e+01 7.241111111111111143e+01 4.206625891946992368e+01 6.365010060362174045e+02 2.350427350427350248e+01 4.839696669963731779e+01 1.136225266362252562e+01 6.049404530568673181e+03 4.916878123798537814e+01 5.443478917731081310e+02 9.972079256020542743e+02 1.510446106954834988e+02 2.519126165930289289e+02 3.327164818057986508e+02 1.642229858724703817e+01 3.520749407356427128e+02 2.636774827925270301e+02 1.140232389251997063e+02
8.881404393987175183e+01 1.545773924213230828e+02 4.462619070968585788e+02 2.555540358186272442e+03 8.643348642760405482e+02 1.940597540495151065e+02 4.307361239040697001e+02 1.622759984183471715e+02 1.920137479190161116e+02 3.756320395738204070e+02 3.809090909090909349e+01 1.546570109151972929e+03 4.415028562055320435e+03 3.411435349940687729e+02 1.336458982346833011e+02 4.574711479435236470e+02 1.367846656611362278e+03 4.715180786487199498e+02 4.405047525401506903e+01 2.704915102770331004e+01 7.889134624650669139e+02 1.386528497409326199e+01 2.056732279229858591e+02 1.380877477060683134e+02 1.705199781061849507e+01 1.693571221351899965e+02 1.868601271571298810e+02 2.355977265128718955e+03 5.881318681318680319e+01 1.223946360153256876e+02 3.058562091503267766e+02 7.187888212756366784e+02 5.462318840579708734e+01 1.375717171717171823e+02 4.206625891946992368e+01 8.177708473060584993e+02 2.423076923076922995e+01 4.910253874052092726e+01 1.320507084265473630e+01 5.197143929120332359e+03 4.781545559400229450e+01 7.163435088438160392e+02 9.715420223471440977e+02 1.503098979873173278e+02 2.455911360799001670e+02 3.277223191778165869e+02 1.858323852863102132e+01 3.634949912059340136e+02 2.634296951819075616e+02 1.269457412594667289e+02
1.086617781851512348e+02 2.082604117554612344e+02 4.930670296901334950e+02 2.715205586979106101e+03 6.249697229363039241e+02 3.738939787740957286e+02 4.275005944495396193e+02 1.531820662768031127e+02 1.235971563981042607e+02 3.712390915088116685e+02 3.559896339488176409e+01 1.447196446682754413e+03 4.389845604148800703e+03 3.273853034158377682e+02 1.291914011914011553e+02 4.355362318840580542e+02 1.283543489190548144e+03 4.869139614674056702e+02 4.393147614473261342e+01 2.796732026143790151e+01 8.208234557193793535e+02 1.424525043177892591e+01 2.111158438205872585e+02 1.624711479435236186e+02 2.527312534209086436e+01 1.704058721934369487e+02 1.624489857705116265e+02 1.726881713241520856e+03 5.900854700854700496e+01 1.222632731253421099e+02 3.598787878787878185e+02 4.609270094562648978e+02 5.833967300633967312e+01 1.166181818181818244e+02 4.206625891946992368e+01 8.355642745361053585e+02 2.423076923076922995e+01 4.918826244642267653e+01 9.148396718866516508e+00 4.216240394177741109e+03 4.750286368843069340e+01 1.218962463383064232e+03 9.352534332084892412e+02 1.496171617161716085e+02 2.428360227447363684e+02 2.575070777583866288e+02 1.735456958665149685e+01 4.678269581056466677e+02 2.697585733882030468e+02 1.458149185600165936e+02
2.348523949169110381e+02 2.066603980567308554e+02 1.013823312489979116e+03 2.255146081777164000e+03 5.788241783236666151e+02 4.132783894473698183e+02 4.109243527508090210e+02 1.681039698994087814e+02 1.173814379084967214e+02 3.719902402402402117e+02 3.558695652173913260e+01 1.384191515405868586e+03 4.241149265557384751e+03 3.019538900454930399e+02 1.242237583205324825e+02 2.894198975300145094e+02 1.147828054298642428e+03 5.400065941312232098e+02 2.135062439961575365e+01 2.222699549191195345e+01 9.310060203246156334e+02 1.145883707541738339e+01 1.967569771088114976e+02 1.677484855455869592e+02 2.070453413054309877e+01 1.696174112256586284e+02 1.482146841549826206e+02 1.320931719926906680e+03 3.693950177935942492e+01 1.178714859437750846e+02 3.552824793705622710e+02 4.223218085106382773e+02 4.882587064676616251e+01 1.362469135802469111e+02 5.231090723751273686e+01 8.389290898939138970e+02 2.351851851851851904e+01 4.669756738987506850e+01 1.568779822767552901e+01 3.561087787812219631e+03 4.757159221076746292e+01 1.238293480482321684e+03 1.080673047579414515e+03 1.480256620256620579e+02 2.332399755127027845e+02 3.297467519875896755e+02 1.977398558968524966e+01 4.460169643860240285e+02 3.958451287592292260e+02 2.067793482528464892e+02
8.218598790322579362e+01 1.345616883116883002e+02 1.089941705069124282e+03 1.631259743710877501e+03 7.405476740826352398e+02 2.925342878673700397e+02 3.702865325077399348e+02 1.717419064748201265e+02 1.209068021201413643e+02 3.875734658599827753e+02 3.928875379939209722e+01 1.377792074518471509e+03 3.181585532386049181e+03 3.216019642857143026e+02 1.240362997658079252e+02 2.390182432432432904e+02 8.663011440869959188e+02 5.309883928571429124e+02 4.233955223880596463e+01 2.503522099447512872e+01 1.145396248915871865e+03 5.773437500000000000e+00 2.069004360465116292e+02 1.864732208363903112e+02 1.615470297029702706e+01 7.563582677165352663e+01 1.358307113543091305e+02 2.266282219089810496e+03 5.887132352941175384e+01 1.213722222222222200e+02 4.041019021739130608e+02 8.704009146341463747e+02 4.670943396226416411e+01 9.220297029702971159e+00 4.822935779816513246e+01 8.380827464788733323e+02 2.370034246575342607e+01 5.448584905660377586e+01 8.000000000000000000e+00 3.225718558969761034e+03 4.409756097560976684e+01 1.246596878862793574e+03 1.181222118088097432e+03 1.319750623441396442e+02 2.612063679245283083e+02 3.330328371278458803e+02 2.474742268041237025e+01 5.271416035788024601e+02 4.375141592920354014e+02 2.552345360824742784e+02
