# Historias completas obtenidas con el método de alfa-Feynman
#
# Cálculo de (var_i/mean_i - 1) en paralelo
#
# Fecha de procesamiento: 20-11-2020 14:15
#
# Valor de dt [s]:
0.0004
#
# Número de historias:
50
# Tasa de cuentas [cps]:
# [promedio desvio_promedio ...]
[34560.48241929677, 1273.942773326306]
# Cada columna es una historia
#
2.319239913239455859e+02 1.480838603095824055e+02 1.068824425156083606e+02 6.073446522166146906e+02 7.083679459624061110e+02 3.277735644627907163e+02 2.128569086227510070e+02 1.982534240177135700e+02 1.045101594395193843e+03 1.070230185564391974e+02 1.326835181932383989e+02 1.894841952176602717e+02 7.519161362430855888e+02 3.747674162987589739e+02 1.123347177327194828e+02 6.446810632535292029e+01 5.033605334271553033e+02 1.228955531639994803e+02 1.007536275756291531e+02 1.356252018533877504e+02 1.933339203682479024e+02 1.348483568749797143e+02 2.089632937343781194e+01 4.722528185871752271e+01 1.412916297770012761e+02 5.568298446310495819e+01 2.927153353102651749e+02 3.281827866148003636e+02 1.658364110933842426e+02 2.636345955249570139e+01 6.095556736750925353e+01 6.046778402498885185e+01 1.563976205574176603e+01 1.536155151273598847e+02 2.277010366196459472e+02 1.368770463067741048e+02 3.321010281560702992e+02 6.078663967163416970e+01 8.171441415079536341e+01 7.216057827368587141e+01 3.921881261784927801e+02 1.355024598393574422e+02 1.713022284430661841e+02 4.489209071580440025e+01 1.435243768369567263e+01 8.504428249980672661e+01 8.962497075681365288e+01 2.462338684763869168e+01 2.573180699542355683e+02 1.419212397959966836e+02
4.077784073924512995e+02 2.739608606712093888e+02 1.983299279447576566e+02 1.194240461220026418e+03 1.395742137824098336e+03 6.346349445625693306e+02 4.012866189816517135e+02 3.780970702197628839e+02 2.060263789952758543e+03 1.986784329975774313e+02 2.365271842087832681e+02 3.641959286814185361e+02 1.474254983262325140e+03 7.279924732136216790e+02 1.989148739689802312e+02 1.088213309694716031e+02 9.834257919381010424e+02 2.264209972125692332e+02 1.841211031765575399e+02 2.504820461502237094e+02 3.456847779493912753e+02 2.592886159689210785e+02 3.108113016016242369e+01 8.087371221077521000e+01 2.429476516237189969e+02 4.358079732197200684e+01 5.739254946457272126e+02 6.339867086501385529e+02 3.126317867138017164e+02 4.059293778801843899e+01 1.070033799810246649e+02 1.122835483870967579e+02 2.420784457478006146e+01 2.711225989862385859e+02 4.126224023749713865e+02 2.443795828744863172e+02 6.352980904754698486e+02 1.081624900026659617e+02 1.468013037776339615e+02 1.271712269585253523e+02 7.663987605636981471e+02 2.022883170628183507e+02 2.997535638134621081e+02 8.161696394686907752e+01 1.639892781218227213e+01 1.500446489851946978e+02 1.351574831663013185e+02 3.284997598655247231e+01 4.779839506751687850e+02 2.626958864091205896e+02
5.605876610356532410e+02 3.843086405305247695e+02 2.788030640775211850e+02 1.761941459795696574e+03 2.093312790815627523e+03 9.052308317221504694e+02 5.802124399118265501e+02 5.203601440536567679e+02 3.073287656791962036e+03 2.912762582345190481e+02 3.297520983966979315e+02 4.993319556820167691e+02 2.218473299028016299e+03 1.053147867395357935e+03 2.737964038563907820e+02 1.574234397595255643e+02 1.398044563647985797e+03 2.959483175877541044e+02 2.536068594340349591e+02 3.498117083241170917e+02 5.015432724204713395e+02 3.464053960147841167e+02 3.197814791269336610e+01 1.116799760255257894e+02 3.559316653542973654e+02 6.078616352201260042e+01 8.391981565986418445e+02 9.158364338609238757e+02 4.456111655366449327e+02 4.515258874458876193e+01 1.198233115468409693e+02 1.461466505050505020e+02 2.511013161922252124e+01 3.755902721216297664e+02 5.151605749202461766e+02 3.210663134256806188e+02 9.730273996444325348e+02 1.391729693630520046e+02 1.837487120412147021e+02 1.691928646066577642e+02 1.117571515080853487e+03 2.565647049441786294e+02 4.349853052305729761e+02 7.494643850267381424e+01 2.297035686376660379e+01 1.976078044886555176e+02 2.252119741100324291e+02 5.231530190239868716e+01 6.349113883016211730e+02 3.681634456888793920e+02
7.048450605559544329e+02 4.604106083642047906e+02 3.536838536323769517e+02 2.332266289223026433e+03 2.741912182227545600e+03 1.216620465012766545e+03 7.102458866086458329e+02 6.727863363802666754e+02 4.023844908144254077e+03 2.929930780030691153e+02 4.166531844209613951e+02 7.019607299587598845e+02 2.786042690781534475e+03 1.357232815789764118e+03 3.501638931233061953e+02 1.375928050483377092e+02 1.852545012889153440e+03 3.033809579160129601e+02 2.840162021497891374e+02 4.190810317884200913e+02 5.797089153089380034e+02 4.288588271019406761e+02 3.616999260901700097e+01 1.272198720589419167e+02 3.330458796457202197e+02 4.634341005381884315e+01 1.052944057333837236e+03 1.167111227802118947e+03 5.739824627835321280e+02 4.650076655052266261e+01 1.560738615229289223e+02 2.018450442637759465e+02 1.403302218207367424e+01 4.815760423145239315e+02 5.997595954082403296e+02 4.453451919034590674e+02 1.191304986088616715e+03 1.693695790125945564e+02 1.996310213682918402e+02 1.803335736313027837e+02 1.486605756576136628e+03 3.519673940949936082e+02 5.326093978365920520e+02 1.266125939561282507e+02 1.784173131129591994e+01 2.495592375680594728e+02 1.645197726734548382e+02 3.194452892159844026e+01 8.759101531480430367e+02 5.008715255858441537e+02
7.104119378783750562e+02 6.086759722475261469e+02 4.225488979779454439e+02 2.774310752988009426e+03 3.403487694014848330e+03 1.437583029276723209e+03 9.095764757709251853e+02 7.487914561680722727e+02 4.894798297387268576e+03 3.908253977408484161e+02 5.172653312659766698e+02 8.620954141404770326e+02 3.460738298047577246e+03 1.579556130591977535e+03 3.391138907175773625e+02 2.375286594938162921e+02 2.307891174191942810e+03 3.253196077306876646e+02 2.774706983710917143e+02 4.761817518248175247e+02 6.722450400113640399e+02 5.029638533379454657e+02 3.740345368916796787e+01 1.662719224132802083e+02 4.753536274526574630e+02 6.488588674906584686e+01 1.249453061986130479e+03 1.499261621760163507e+03 6.832943248532289999e+02 6.113693877551018829e+01 1.798157262905162384e+02 2.454582857142856085e+02 1.468197278911564219e+01 5.545006047905034166e+02 7.582945924658971535e+02 5.648506115519212472e+02 1.465623993067974880e+03 1.832263450834879279e+02 2.078430489408012818e+02 1.885313536744747296e+02 1.676703740622212990e+03 3.503131490911043784e+02 5.516732752189507210e+02 1.026201626877166007e+02 1.702935500847903683e+01 3.181250232615843743e+02 1.939052159698831588e+02 4.733044938673724999e+01 9.236276637399142828e+02 5.652919807923169628e+02
1.039617880891863706e+03 5.382759958041359596e+02 4.781524761576467881e+02 3.312804905936468458e+03 4.067829150974730055e+03 1.608587109944665144e+03 1.039591113913768595e+03 8.705972906131023592e+02 5.993977207355747851e+03 4.391347344066327878e+02 5.528358958948932695e+02 8.654204811518304723e+02 4.212622641509434288e+03 1.900114863530262710e+03 4.899274402145451859e+02 1.548393382593343404e+02 2.151774528463679417e+03 3.076670597082826362e+02 3.186899646248370459e+02 4.654881550056376796e+02 6.954262813752371812e+02 5.312595745080188863e+02 3.855865597816817569e+01 1.666422764227642404e+02 5.544699432325419366e+02 6.366041570793065318e+01 1.627321897514552575e+03 1.612042200208950135e+03 6.731497568400341152e+02 5.520919860627179077e+01 1.610468874541686830e+02 2.411301246612466400e+02 2.685236511456023578e+01 6.323079877628550776e+02 8.223797447908254981e+02 4.096354731490696395e+02 1.727123508598699800e+03 1.916596676297341446e+02 3.103703994642903581e+02 1.795287306259762374e+02 2.204297440403574910e+03 3.587167362002567756e+02 6.720633266973630953e+02 1.352690674318508286e+02 2.455580403941575440e+01 2.966100279239873885e+02 2.685381837556238906e+02 5.155443926647703989e+01 1.025936245036868968e+03 5.704441018064989066e+02
8.557600157930186242e+02 7.018212550691918068e+02 5.320170286108237860e+02 3.882668884105737561e+03 4.608377782833370475e+03 1.712158459743290450e+03 1.181261745488292945e+03 8.728499026505022584e+02 6.858247450423082228e+03 3.920031984629295039e+02 6.300136071184119828e+02 1.035165763245322296e+03 4.656559533010748055e+03 2.214799081228518389e+03 5.759766648065477739e+02 1.926289227820810197e+02 2.711586508092615531e+03 5.657914319580063420e+02 2.932324391130496792e+02 6.768703649635033344e+02 8.788648085093560667e+02 7.446878477950072011e+02 3.563720279720279649e+01 1.770491555037856415e+02 4.769542010936813199e+02 6.314723383329233286e+01 1.739962039826192949e+03 1.903308815771206810e+03 7.983201043705155371e+02 5.193787755102040649e+01 1.596341269841269082e+02 2.698560253968252596e+02 1.704178272980501063e+01 8.209984838042730644e+02 1.076539607868724261e+03 5.600712641834728629e+02 1.896584768017302849e+03 2.351849271940180870e+02 3.310685472922009467e+02 2.296387403237157230e+02 2.368573557187828555e+03 3.557303947368420722e+02 6.990256241505117032e+02 9.953362533692721570e+01 2.003405648792467986e+01 2.700235345201910491e+02 1.473158460471566968e+02 2.742579266120412385e+01 1.085479144518272506e+03 6.160541680672271241e+02
1.076267705371111333e+03 6.018020457020585354e+02 5.736891048223320695e+02 4.080546833404569497e+03 5.317568779306829128e+03 2.200006181262915561e+03 1.220227592980429108e+03 1.137312208377281422e+03 7.764831262895044347e+03 5.562637830008555966e+02 6.841720447481512792e+02 1.315723641929834457e+03 5.057026265283839166e+03 2.447782277406469802e+03 4.959347891051913848e+02 2.555173009192492373e+02 2.819401139544182115e+03 5.863449133452261322e+02 3.315120235290186201e+02 5.966825655139402897e+02 8.881904281105529435e+02 7.252490073666336912e+02 3.343432305399517901e+01 2.225101731002415022e+02 5.686955784883589331e+02 6.399619025629183966e+01 1.685483534669729579e+03 1.748542595132090128e+03 8.539403448361900928e+02 4.839203747072598105e+01 1.796156648451729723e+02 2.840596867030966450e+02 1.402266747621938769e+01 8.635934629594066791e+02 9.409505651039423810e+02 6.461260150362006698e+02 2.157774090725760288e+03 2.311516205271793183e+02 2.849206813578687729e+02 1.730934749253007681e+02 2.490978701161441222e+03 3.699030198446938016e+02 7.294242757578990677e+02 1.258376894525208627e+02 1.754690215604302850e+01 3.946789742056569139e+02 1.619668152156612848e+02 4.268067536077835911e+01 1.206039153640869245e+03 7.924458630665383225e+02
1.087036156638566126e+03 8.297897295803047655e+02 5.986184699983825794e+02 4.559584263808806099e+03 5.908073354253861908e+03 2.392011530510408193e+03 1.394393946810246462e+03 1.126940553603403487e+03 8.470608333776996005e+03 5.517491888335650856e+02 7.397966385276448591e+02 1.019253327116240371e+03 6.286649271280032735e+03 2.322350821768153310e+03 5.023621399176953446e+02 2.641573205475643817e+02 2.921952439752891678e+03 5.736085463223159877e+02 2.954470872503493410e+02 4.859135351896908901e+02 7.392798831313911023e+02 7.200784682988072518e+02 3.762678062678062929e+01 1.998638375985314042e+02 5.001355023646166842e+02 6.582792123109025795e+01 1.585419951207038366e+03 1.939397650472480336e+03 8.167736061784768253e+02 5.956243386243388471e+01 1.473046477850399469e+02 2.378146502057613247e+02 1.500502972107910438e+01 6.406399673277691136e+02 1.195505730210686124e+03 5.125859271835502113e+02 2.311519597355933911e+03 2.171159745604189766e+02 2.571226680746215720e+02 1.898917624521072582e+02 2.727595306103018174e+03 3.671585594811401165e+02 5.777799013334815754e+02 9.304887316561843136e+01 2.022381407195160818e+01 2.850361927276820211e+02 2.680458468176914835e+02 5.182414334534032463e+01 1.098868432385874257e+03 7.633676470588235361e+02
7.160378208292202089e+02 7.479920405121439444e+02 6.926078135381249012e+02 5.112273260347595169e+03 6.231724050420350068e+03 2.299881671836560145e+03 1.677101376160263044e+03 1.272068831829642249e+03 9.451718635181085119e+03 5.549837168617950738e+02 7.857302463211772192e+02 1.559812106505771453e+03 6.904026164828711444e+03 2.406877719106219956e+03 3.347724693168241856e+02 2.450985300272023437e+02 3.767266823651893901e+03 3.105061284440841973e+02 3.636299694189602292e+02 5.295052919708028867e+02 1.030332577515292087e+03 9.668891627996903253e+02 3.334666666666665691e+01 2.178275584795321151e+02 4.564358104958986360e+02 6.457387030516431992e+01 1.710148665352359785e+03 2.500217032967032992e+03 1.218148231323589016e+03 7.525333333333333030e+01 1.815014637799563957e+02 2.385155555555555793e+02 1.382613168724279795e+01 9.144794394670345810e+02 9.882315935739302404e+02 7.495868478158315611e+02 2.589091276213219317e+03 2.455252142638505859e+02 2.380954989440337499e+02 1.978877514367815706e+02 2.941631501285647573e+03 3.436155913978494709e+02 8.359076897018970840e+02 1.025606465005931085e+02 1.474260958205912075e+01 3.587666962174940295e+02 2.930140574433658003e+02 5.151142975893598930e+01 1.496772589631783376e+03 7.835091053921569255e+02
6.402948328942304670e+02 7.456304099091310036e+02 6.956106172039866351e+02 5.788024116272096762e+03 6.908841623357629032e+03 2.079867806594603735e+03 1.588831958350020159e+03 1.117448671557450098e+03 1.020382693109478168e+04 6.662483759679964805e+02 7.844268247153258926e+02 1.629648532006548976e+03 7.120155529316928551e+03 2.188226216769575331e+03 3.747935217275392574e+02 2.082588265393143558e+02 3.753513775391603303e+03 5.993833254260790682e+02 3.682883653044202674e+02 8.395379893828800277e+02 1.064483854576134490e+03 9.662705736097493627e+02 3.440559440559440674e+01 1.884976146302676909e+02 4.528889354568314616e+02 6.202120678617157523e+01 2.028132063308961961e+03 2.132626434789700397e+03 9.211027397260273801e+02 4.998019480519480595e+01 1.641981951871657373e+02 2.353545454545454447e+02 1.768434343434342892e+01 9.494580383434620217e+02 1.263806898627748524e+03 8.784433554560890798e+02 2.347882554251475995e+03 2.477466190833960127e+02 2.860945809734088812e+02 2.460778381101657715e+02 2.792235558435488201e+03 3.493358070500926829e+02 6.994294737560886688e+02 1.546305210120068523e+02 1.590961187809325494e+01 4.976843050566454281e+02 2.058312555163283264e+02 5.729199727952845933e+01 7.859140459830866803e+02 8.110602272727269337e+02
1.105874119776242424e+03 6.744546147084674885e+02 7.457377626843143616e+02 6.487548801911558257e+03 7.062604277171086324e+03 2.010507370869426040e+03 1.753726929855480876e+03 1.402942167577413329e+03 1.074630435576242962e+04 5.577578118691966438e+02 8.522091582122289992e+02 1.004294736842105294e+03 7.048954240563891290e+03 2.864920378039401839e+03 4.908714565004888755e+02 1.435265370138017715e+02 3.716630401849392911e+03 3.000353727714748402e+02 3.190576197757390560e+02 7.861540024330899996e+02 7.667186247627081457e+02 7.132691341321994969e+02 3.700814285714285035e+01 2.449067836257309523e+02 5.500486169321039824e+02 6.265669014084506472e+01 2.373582151520806292e+03 2.461027476265231599e+03 1.293574185692541960e+03 6.852835714285713209e+01 1.747984885620914781e+02 2.328914222222222179e+02 1.637314814814814667e+01 9.096178497587873153e+02 9.821569209684788575e+02 6.921413246532690664e+02 2.819932044631093504e+03 2.983143021120293383e+02 3.450811510031678040e+02 2.336011391625615374e+02 4.364502898550724240e+03 3.669621132323897541e+02 6.708672059192373354e+02 1.393148584905659959e+02 2.155071633237822226e+01 4.294258105369806913e+02 2.886938713592232943e+02 5.409189526184537300e+01 1.085245421511627910e+03 8.123051764705879805e+02
6.584498138646624739e+02 8.372079489392705227e+02 6.963282190487431080e+02 6.691111699098976715e+03 8.272075168671872234e+03 2.039718117197559195e+03 1.814803167043695566e+03 9.456774931965773021e+02 1.192670481049877162e+04 4.332917544108499897e+02 7.829941728175814433e+02 1.084489359791685274e+03 8.035216199317603241e+03 2.543208012410353149e+03 3.748339541887929158e+02 2.657782562989589792e+02 3.267883752950433518e+03 5.922643778130502596e+02 2.506147340000551367e+02 7.056473334648516129e+02 7.582931186829098351e+02 6.447191937700414428e+02 3.311699111699112308e+01 1.871146677599419661e+02 4.427645499648851342e+02 6.539493719071182909e+01 2.649633332156563938e+03 2.698311325005202434e+03 1.529156279567238471e+03 5.722254826254825133e+01 1.801530648295353672e+02 2.647426306306305150e+02 1.989389389389388896e+01 5.735033620802055339e+02 1.082642476685409065e+03 8.439404242952629147e+02 2.402772593739985496e+03 2.717205718114809656e+02 2.941108764519535157e+02 2.331023166023166766e+02 3.691808801789165955e+03 3.573201786381509351e+02 6.243292370988915536e+02 1.655118561958185239e+02 2.037543560752730087e+01 4.106431994304335262e+02 2.879114405667803567e+02 4.645683089573365265e+01 1.489136046511628365e+03 8.250437201907791405e+02
1.089406170760505802e+03 8.288042119061377662e+02 8.009601084190272786e+02 7.352153168083350465e+03 8.651956821066958582e+03 1.906177389214322830e+03 1.238472558004520124e+03 9.733943583448143499e+02 1.308149895895280315e+04 6.675059725949321319e+02 8.124078130292423339e+02 1.080575859514844751e+03 7.524777569349703299e+03 3.609269035338665162e+03 5.998288195043412543e+02 2.722062331523947023e+02 2.735830924667343879e+03 5.974013728668128351e+02 3.326153984529591980e+02 8.133269643623872298e+02 9.135103663908085991e+02 1.180334607160729547e+03 4.056764705882353184e+01 2.488474372205022576e+02 4.385326194236083097e+02 6.063815244407621918e+01 2.908245013363963153e+03 2.212290824021916706e+03 1.567408809199685265e+03 4.876176470588235645e+01 1.553671184159938434e+02 2.629450980392156225e+02 1.908206245461147432e+01 9.159259131633361903e+02 1.031327587133528141e+03 7.118738782238057183e+02 3.529282623227156819e+03 2.397822341057635072e+02 3.394306789241567799e+02 2.351513691683569220e+02 4.710382153562688472e+03 3.629471401463811731e+02 8.331616152558584645e+02 1.576744121135998853e+02 1.926047850332793843e+01 3.286497705465165495e+02 1.405099942889777367e+02 3.191213143611560099e+01 1.080149025307797729e+03 8.175356401384082119e+02
1.084183857049821199e+03 8.297084552905020018e+02 8.298565056883475108e+02 7.488565678215657499e+03 8.393305349946374918e+03 2.242825966370829519e+03 1.722914719162995652e+03 1.290994325926935517e+03 1.348276923044014075e+04 5.866001211142512375e+02 9.498655287474331317e+02 1.918625797779331378e+03 9.521209127920195897e+03 2.492025059851037440e+03 6.506438172043010582e+02 2.648536585365853853e+02 3.167194021685681037e+03 2.993153352067442938e+02 3.613325688073393849e+02 5.831943886861314468e+02 1.074518126450115915e+03 9.483821504237288309e+02 3.055673076923076081e+01 2.625279518950436568e+02 5.830765402347024065e+02 6.203609154929577585e+01 3.090234488710580081e+03 2.138581071989235170e+03 8.957103881278540030e+02 7.040008928571427305e+01 1.931014093137254690e+02 2.318486666666665883e+02 1.776273148148147740e+01 9.023223638869743581e+02 1.277890585750171340e+03 6.687787033106963008e+02 2.626752669094051271e+03 2.668513257575757507e+02 3.340353088701161823e+02 2.224520089285714732e+02 3.462393155526992359e+03 3.610882159315339095e+02 8.248166781422132772e+02 1.696730542452830264e+02 2.092532234957019810e+01 3.530232712765957217e+02 2.687081310679611192e+02 5.535162094763090579e+01 8.910204760174416379e+02 8.112552573529411575e+02
1.116638877147347330e+03 6.394609794166422034e+02 8.450262161955105285e+02 7.178411496495654319e+03 1.005378784274215468e+04 2.659979794429354115e+03 1.711373856093979612e+03 1.072789682539682644e+03 1.418894172675002483e+04 5.423178580990630735e+02 1.019198485055897777e+03 1.557925033514017741e+03 8.209533303023412373e+03 3.301766692281924861e+03 4.914770833333334394e+02 2.591506084181129381e+02 2.846473170731707341e+03 5.649241726237755756e+02 3.590952769283045996e+02 6.687406812652066037e+02 8.969921394923711659e+02 1.271449698369913904e+03 3.728083916083916449e+01 2.169456804503979299e+02 5.376451895315265119e+02 6.314084507042254302e+01 3.142598892828264525e+03 2.632531514290698397e+03 1.597688706240486681e+03 6.883790476190475260e+01 1.959392701525054576e+02 2.790731851851850820e+02 1.435226337448559519e+01 9.323490236618422387e+02 9.173635989952042564e+02 6.016392389563908409e+02 2.408486837269261287e+03 2.088520355065809326e+02 3.167443857796550333e+02 1.654706075533661362e+02 4.679244833761582413e+03 3.574218421052632380e+02 8.231177933567018954e+02 1.471506289308175610e+02 2.078567335243552705e+01 4.497378926038500708e+02 2.815383495145631514e+02 4.077622610141314397e+01 1.192765833333333376e+03 8.102368039215687077e+02
1.008170747740344950e+03 9.125092294169351135e+02 8.440010684287524327e+02 7.859360462600602659e+03 8.788104449892281991e+03 2.840455764853263190e+03 1.274028127084827929e+03 1.475743927467331787e+03 1.614279570975491697e+04 6.457954322625296300e+02 9.278967438126567231e+02 9.749168186246345158e+02 8.190794382998768015e+03 3.689394337057399298e+03 6.252788251175348933e+02 1.974861086216168360e+02 3.318692074498728289e+03 5.836148413984716399e+02 3.574313382845491560e+02 6.300871220020854935e+02 8.629887154608732089e+02 9.142476006618860538e+02 3.794637855142057248e+01 3.187988721804511556e+02 5.754761505608112202e+02 6.181212273641853727e+01 3.139380561405379012e+03 1.877767116265658615e+03 1.229369863013698705e+03 8.875418367346938453e+01 1.728872549019608300e+02 2.925690793650792898e+02 1.754739858906525640e+01 8.304850841783990063e+02 1.160628192999053908e+03 8.283448101572924998e+02 2.848753640833803729e+03 2.825197428833792515e+02 2.124720923216171400e+02 1.793647959183673208e+02 2.853660622453750420e+03 3.370375246872943080e+02 8.350905465340870251e+02 1.552796495956873173e+02 1.977056897257470069e+01 4.899326964828484847e+02 2.862938626907074422e+02 4.745938724617030147e+01 9.002595514950164670e+02 1.632061071428571950e+03
1.182736622487158456e+03 9.199752747252746303e+02 8.748188148589700859e+02 7.928058670947641076e+03 9.006425252010081749e+03 2.937058621201012556e+03 2.433955024567268993e+03 1.340029436925881782e+03 1.597745743056067658e+04 6.002561548041001060e+02 1.200354411423509191e+03 1.024839212204374689e+03 1.274176683006607345e+04 2.662151865477957926e+03 4.617308820212045362e+02 2.720050433334964737e+02 4.699641828698705467e+03 5.822147734713603313e+02 3.386711362032463057e+02 5.529297024143739918e+02 6.793956579097380200e+02 6.937133678386578595e+02 3.864230769230768914e+01 2.354558371040724012e+02 5.096838730500268184e+02 6.106727371568359786e+01 3.157785363528698326e+03 3.074094036262011286e+03 7.849946828445609981e+02 5.294043956043957166e+01 1.795192307692307736e+02 2.261470769230769520e+02 2.042307692307692335e+01 9.736082277474421289e+02 1.137102944793899042e+03 7.035493914520239969e+02 3.595291668385234516e+03 2.351541640178003263e+02 2.884672650475185378e+02 2.102920140204622896e+02 2.730819775596072759e+03 3.600903098220171046e+02 8.522879608905641362e+02 1.699797125950972543e+02 1.864899178491411647e+01 4.099817629179331107e+02 2.583516616878266632e+02 5.426222904277767611e+01 1.056300111806797986e+03 9.368211312217194973e+02
1.078478111364376673e+03 8.650092587166716385e+02 1.175753132613192520e+03 7.761340736353234206e+03 9.363544726185449690e+03 2.804767966636367873e+03 1.231986474008810774e+03 1.196962297346419291e+03 1.464513910603053046e+04 4.663412838110616008e+02 1.251691455167693221e+03 1.008157691904178932e+03 9.222849669755014475e+03 2.901148610273688973e+03 6.588198370804823298e+02 2.688999247176914764e+02 3.897975003933910557e+03 5.959399839098955454e+02 3.476324159021406786e+02 9.041410608272507261e+02 8.520145117063910902e+02 9.060263790446839494e+02 3.496872727272727133e+01 1.644387864644107822e+02 5.667016485051689187e+02 6.647070422535210810e+01 3.142053621944392489e+03 1.850093216715257540e+03 7.770744596651445590e+02 4.963588571428572749e+01 1.941120261437908425e+02 2.608258844444443980e+02 2.204839506172839947e+01 6.471443969676085999e+02 1.253064809317195568e+03 6.637253423882285688e+02 3.723077786561264929e+03 2.024659320477501865e+02 2.799479197465681750e+02 2.670871921182265964e+02 2.729045684899485877e+03 3.491522843976300123e+02 7.836402003004508288e+02 1.140600000000000307e+02 1.639197707736389731e+01 4.911232826747720424e+02 2.594436893203883869e+02 4.664897755610972041e+01 1.474225953488371488e+03 7.825166117647059991e+02
1.075293501574571792e+03 8.865793082216822540e+02 8.615491453427819124e+02 8.224581444839890537e+03 8.937636290397807898e+03 3.169083261645207131e+03 1.896349655431650262e+03 1.457829200552974726e+03 1.852702240841602907e+04 6.828679245283018417e+02 1.200234864879366114e+03 1.526980747296865729e+03 7.431937634594702104e+03 3.075418956181883914e+03 6.508317395554422546e+02 2.730426877470355862e+02 4.350099867040921708e+03 2.858781466878377842e+02 3.388731551655365024e+02 9.091928851831081602e+02 1.007166543846720629e+03 1.262109629131275824e+03 3.031125209927225228e+01 2.938628269836796107e+02 4.081916557859156569e+02 6.128391457981255996e+01 3.169822199719073524e+03 2.581321613341719512e+03 1.225059592117991542e+03 6.758236024844720191e+01 1.777706734867859950e+02 2.221602318840579926e+02 1.866765378920446850e+01 8.771219790104947833e+02 1.240619150310558780e+03 7.870450319366692611e+02 2.693087941926795793e+03 2.461004910767756826e+02 2.045743271221532211e+02 2.407575497965303271e+02 2.824698396243673415e+03 3.563164128059785298e+02 8.272566082961583334e+02 1.652833803416529292e+02 1.654037267080745366e+01 4.815957446808510554e+02 2.871029970451667168e+02 5.287303480429362423e+01 1.487857360793287626e+03 7.897713736052328386e+02
1.005584126508281429e+03 9.142354230132008297e+02 1.091772588496520029e+03 8.868705830077477003e+03 9.242510379942847067e+03 3.365645994502257508e+03 2.287752957630604215e+03 1.427992578335126382e+03 1.620361313324951698e+04 7.014816733978512957e+02 1.335295015145282377e+03 1.869273474514293639e+03 9.963407248541352601e+03 3.638893715983784659e+03 6.431967771557212927e+02 2.636001737116386607e+02 4.598160826763722071e+03 5.476791509680307399e+02 3.420022704105273306e+02 7.597100820814619055e+02 1.009023454198840682e+03 1.265312572533849334e+03 3.708090909090909548e+01 3.028919049148731233e+02 5.524829068525207276e+02 6.294539029874719205e+01 3.290101852326077278e+03 2.918997423049392182e+03 1.590893616432288809e+03 6.299623376623377169e+01 1.894810606060606233e+02 2.865249292929292437e+02 2.056032547699214064e+01 9.750673040752353700e+02 1.007905955396818740e+03 9.008604651162793289e+02 2.264969523902821948e+03 3.001508473161365487e+02 3.169759980759980635e+02 2.162211710703089693e+02 4.629606060606060964e+03 3.555018423437028332e+02 8.376000278435191149e+02 9.842091242091240133e+01 2.086452184179456992e+01 4.903590310398822112e+02 2.865803177405118731e+02 4.918612559510314952e+01 1.040110332980972544e+03 7.852032448377580067e+02
1.077753762807678868e+03 9.534549144760785566e+02 7.095470459640943091e+02 1.138072326931607313e+04 1.199555427407572279e+04 3.392328896425038693e+03 2.339495116594233423e+03 1.366910499139414696e+03 1.971003970318785650e+04 7.047244242206521676e+02 1.309726180683405801e+03 1.888063408784289777e+03 1.454389340328252365e+04 3.830866233022903998e+03 6.402628434886499917e+02 1.984872844109000027e+02 3.945543146041595719e+03 5.798277732573908452e+02 3.388275811853793584e+02 8.707519175066620392e+02 9.908106129364073240e+02 9.366759878419452434e+02 4.132272108843538660e+01 2.309515396264513072e+02 5.415914674767499264e+02 8.136648157496213685e+01 3.285531588076462413e+03 2.560735405831615935e+03 1.585025172553796438e+03 5.727346938775511376e+01 1.769335511982571347e+02 2.671668148148148703e+02 1.659082892416225974e+01 9.700855172413794207e+02 1.191765254845656727e+03 8.749047078842882001e+02 3.564412628255722211e+03 2.303227513227513157e+02 3.220811791383220566e+02 2.689588318085855576e+02 5.644512500278277003e+03 3.450478073892707584e+02 7.948257128272441605e+02 1.736388162102447268e+02 1.596178147634458711e+01 4.807075312394460411e+02 2.850018492834027484e+02 5.277567984799907208e+01 1.470361184939091800e+03 7.705024582104226738e+02
1.182635696619950295e+03 8.629117283950618003e+02 1.186585662282762087e+03 1.023156071291414992e+04 1.376639035529694411e+04 3.508189341252700160e+03 2.252749764705882626e+03 9.427004068047335750e+02 1.760065966726003535e+04 3.877433361274099184e+02 1.309229288358699705e+03 1.116775918153200564e+03 1.243894413052129130e+04 3.001020234499911567e+03 6.154100684261975402e+02 2.813281528662419646e+02 4.342310134436401313e+03 5.761160853508412174e+02 3.257475535168194938e+02 9.556608177172062142e+02 9.064271340817622331e+02 1.160509516441005417e+03 2.924699999999999633e+01 2.099810954063603674e+02 5.352277839955231684e+02 6.345618374558303287e+01 3.275804338028168786e+03 2.453899370078740503e+03 8.571252740560292978e+02 6.402599999999996783e+01 1.794578431372549403e+02 2.873282666666667637e+02 1.290648148148148167e+01 5.247472413793103669e+02 1.224113819095477538e+03 7.531191151446397498e+02 2.637259396551723967e+03 1.716986225895316807e+02 3.149233333333332894e+02 2.238969827586207089e+02 3.315971984572230667e+03 3.514599999999999795e+02 8.627032924961712297e+02 1.703230769230769397e+02 2.023409090909090935e+01 4.842351063829786995e+02 2.796861650485436144e+02 4.984987531172068742e+01 7.308015406976744543e+02 9.308440707964603007e+02
1.142246285570384998e+03 7.079219726554917997e+02 1.004680354008553763e+03 8.514568913111834263e+03 8.812029123422951670e+03 3.552158850743466701e+03 1.763906719247686851e+03 1.462658887263992028e+03 1.786010640907218476e+04 5.937239324726912173e+02 1.297720842624867146e+03 1.916312972883415569e+03 8.206404142286337446e+03 2.950519764502746966e+03 4.667199670731079095e+02 2.703369788106630267e+02 4.616923223259803308e+03 5.681434896227028730e+02 3.056397338913031376e+02 8.685784478231353205e+02 1.055605709188224637e+03 1.258441616614069062e+03 3.261636924930351000e+01 3.150391712929938421e+02 4.941252049573835734e+02 6.618281569648502227e+01 3.272141523982759736e+03 2.902304254570162811e+03 1.580724746948138090e+03 8.528270676691730046e+01 1.762438940488476362e+02 2.793328654970760567e+02 1.802085709630112831e+01 8.796511796733211668e+02 1.169563789473684210e+03 9.067165716332804095e+02 2.891582247610968352e+03 2.902792035184379529e+02 3.118036758563074500e+02 2.470420015556131261e+02 4.658341207155335724e+03 3.756569939050101539e+02 6.549420219768410334e+02 1.548417187399342652e+02 1.914627477785372633e+01 3.990587639311042949e+02 2.780357690342361252e+02 4.805880036750230744e+01 1.480911357340720087e+03 1.616019406924390751e+03
1.479033386531652923e+03 1.031601611888922207e+03 9.382547106984762877e+02 1.365055982607345686e+04 1.402788975001899416e+04 3.669227877171538239e+03 8.395777533099527545e+02 1.490009519261381683e+03 2.360154016543931721e+04 6.569515960973761821e+02 1.173390420457489199e+03 1.125430737824438665e+03 7.357954253941176830e+03 2.410783143714940252e+03 6.019412936404462471e+02 2.541472330588064779e+02 2.760244456483670547e+03 6.008671686059778949e+02 2.959149891959513070e+02 8.680758768016007707e+02 6.827612017612017326e+02 6.077491830065359864e+02 2.892274678111586894e+01 2.675305867665418305e+02 5.389819128699286921e+02 6.098527679623087039e+01 3.290445073612683700e+03 2.724809946437469080e+03 1.546747419179570443e+03 8.895352950635147238e+01 2.943853485838779989e+02 2.798482962962962688e+02 1.409803921568627594e+01 9.391412643678161203e+02 1.199419199999999591e+03 6.398930484653684516e+02 1.758274956533149634e+03 2.551774308744004998e+02 2.844405055849500741e+02 2.222370781132333661e+02 5.563552503409313431e+03 3.780033988832240652e+02 6.286470137825419897e+02 1.829834428024082627e+02 1.689542483660130401e+01 4.749664920876273868e+02 2.770881877022653725e+02 3.902632308118592164e+01 1.450525282086300422e+03 1.604950544405089659e+03
1.109952404211440580e+03 7.238288895399940657e+02 1.003934012615235247e+03 8.984453710559184401e+03 1.129335348709559366e+04 3.530025189066519488e+03 2.393760969162995480e+03 8.391954137889250660e+02 1.881308865159224297e+04 6.640794419773020536e+02 1.220578583922731696e+03 1.859115909929863392e+03 9.198055186090427014e+03 3.742275193263842993e+03 6.358417870460881431e+02 2.739926111808169935e+02 5.233558139916076470e+03 5.750040672208814385e+02 3.568632914259825952e+02 8.571214922952149209e+02 1.042374862312217601e+03 1.249029233008046731e+03 2.939176379176379328e+01 2.496132503565408456e+02 5.195332339883891564e+02 6.857335680751174323e+01 3.248916879185585913e+03 2.771892992117481754e+03 1.498009639776762469e+03 5.189920634920634512e+01 1.802559912854030415e+02 2.484724938271605197e+02 1.821810699588477434e+01 9.065215943027795902e+02 9.990246885387327893e+02 9.650304659498207229e+02 4.730348768481921070e+03 2.569647995102540676e+02 2.625634753021236634e+02 2.692149014778324840e+02 3.616191509531972315e+03 3.460484236705435706e+02 6.260838201747064886e+02 1.576774109014674821e+02 2.388697866921363300e+01 3.862433299560959767e+02 2.765809061488673137e+02 4.415405929620394687e+01 1.458489954780362041e+03 7.737389542483662126e+02
1.107794229183841480e+03 9.926065981948335093e+02 6.637485444336240334e+02 1.277234155987880695e+04 1.360985009635680035e+04 3.472585885376963233e+03 2.384317581578085992e+03 1.389459263231272189e+03 1.781015438458006975e+04 6.738316606841989369e+02 1.298635929611768006e+03 1.109082587494599011e+03 1.329764606232464939e+04 2.833097075884928927e+03 4.664164222873900485e+02 2.521050660875425535e+02 4.467138129708966517e+03 5.795533036076205917e+02 4.434705882352940876e+02 5.296282524688706417e+02 6.992193645614079287e+02 6.665878258495973796e+02 2.723092436974790331e+01 2.227645674740484480e+02 5.282767914438502430e+02 6.399314071918520597e+01 3.260326323695081555e+03 2.470366344339934130e+03 1.567331231640037231e+03 7.265747899159663348e+01 1.730813148788927265e+02 2.803124705882353283e+02 1.649019607843137081e+01 9.364073053066853163e+02 1.197586569209684967e+03 7.311555252160303553e+02 3.442423750197130175e+03 1.903339815264948811e+02 2.879353375986086689e+02 1.922973051289480964e+02 5.607350878640377232e+03 3.674661289697157258e+02 6.847155211242230735e+02 9.980736910148674212e+01 2.126099371787549330e+01 2.389678169139996271e+02 2.530599657338663917e+02 4.907261258618161293e+01 1.458842407660738445e+03 1.613002006920415624e+03
1.173554962052466635e+03 8.366068185201727374e+02 7.726359244684600753e+02 9.688058979734450986e+03 1.119354173043732771e+04 3.570268635937586168e+03 1.009550238341373870e+03 9.562270296084051324e+02 2.521635885293043975e+04 7.150492230736481361e+02 1.264351378222709627e+03 1.872025236179146304e+03 1.527998896076201163e+04 3.421231756636643695e+03 6.202017193611471839e+02 2.822303315994798254e+02 3.174265440307329300e+03 5.901100102669403213e+02 5.066503966223131670e+02 8.595421331224140431e+02 1.097006754609027439e+03 1.252169407894736878e+03 4.196477110157367463e+01 2.149081904198698965e+02 3.733704041538029514e+02 7.288604240282684543e+01 3.237280577576444557e+03 2.076965029896721262e+03 1.569043856968215096e+03 4.842221418234442609e+01 2.692343750000000000e+02 2.465450000000000159e+02 2.131578947368420884e+01 8.720731465517241077e+02 1.160632799999999861e+03 6.421512336925693489e+02 2.553463744977038004e+03 2.407864439853076135e+02 2.969173941798941883e+02 2.192603974121996089e+02 4.595582291057859948e+03 3.857693918426802497e+02 8.388051620724859276e+02 1.765775862068965694e+02 1.952083333333333215e+01 2.905436296859168692e+02 1.462442354368932058e+02 2.447381546134662500e+01 1.027194029850746347e+03 7.960178571428573377e+02
1.127852896466721404e+03 9.496467733665397191e+02 1.245062377747094615e+03 1.453166623897826321e+04 1.573213194309022401e+04 3.400069190460913433e+03 2.379041578553175896e+03 1.353139627659574444e+03 2.513900489139115234e+04 6.728341239402501515e+02 1.264277960526315837e+03 1.660917970799090426e+03 1.535270085123920217e+04 3.651682922503989630e+03 6.226103779732812882e+02 2.438996235884567341e+02 5.066781585029999405e+03 5.251770664505671675e+02 5.348141564729868378e+02 9.092520377128954578e+02 9.492415893271462437e+02 1.250350916988417111e+03 4.302380952380952550e+01 2.085959064327485066e+02 5.758624615814474055e+02 7.356227992957745698e+01 3.234240343347639737e+03 2.988092462809299377e+03 1.241866590563165801e+03 7.777749999999998920e+01 2.644479166666666856e+02 2.769844444444444775e+02 1.620640432098765160e+01 4.516856047553410463e+02 1.067167503996346341e+03 8.836371001981318614e+02 4.681697165266798947e+03 2.354105257116621033e+02 3.010339229144668707e+02 2.621481681034482563e+02 5.224163335670874403e+03 3.388824061882817205e+02 7.519530858788182286e+02 1.692979068396226410e+02 2.384921203438395310e+01 3.005765577507598323e+02 2.794796723300970598e+02 4.121945137157106132e+01 1.455929614825580984e+03 1.601746875000000045e+03
1.491107474014189165e+03 8.443968923636721229e+02 1.214806231407546647e+03 8.372999834631822523e+03 8.545126320351950199e+03 3.601903477853461482e+03 1.948542644892731460e+03 1.333920544893217539e+03 1.872696656244532278e+04 6.365584905660377899e+02 1.206349430961195822e+03 1.946757537600559544e+03 1.483501432660411410e+04 2.312763656461578194e+03 6.142273487563810477e+02 2.812032900432900533e+02 4.303796910753269913e+03 2.552098481739844260e+02 5.379057424396874012e+02 4.955756307292933798e+02 9.984757062146892395e+02 9.271410960670535815e+02 2.699494515975202802e+01 3.001236692201924825e+02 5.254356066984751124e+02 7.056042402826854243e+01 3.253439869772101247e+03 2.633304951521750809e+03 1.569924291374580889e+03 5.619314285714285262e+01 1.719185185185185105e+02 2.075351703703703947e+02 1.611434468524251784e+01 8.592839540229884960e+02 1.177256807619047549e+03 8.605556059746644451e+02 1.852647981197011859e+03 2.369586164677073725e+02 3.074189065255731634e+02 1.816495894909688218e+02 5.588737883746299303e+03 3.710518086914299829e+02 8.408291645397310958e+02 1.705478580171358658e+02 2.060000000000000142e+01 3.120314083080040746e+02 2.787229773462782987e+02 4.951620947630922842e+01 1.463599766081871394e+03 7.846027531956735857e+02
1.110302953449303686e+03 9.607324748804994670e+02 1.041297801271738308e+03 1.431918930641996121e+04 1.613339032576077625e+04 3.568772888817879902e+03 2.359497785609397852e+03 1.302836859323882209e+03 1.817525045785038674e+04 3.979040963855421751e+02 1.232285685603467982e+03 1.865434633094363789e+03 1.187456365840721264e+04 3.631680242753837319e+03 6.233770833333333030e+02 1.172001595850787936e+02 4.734298714922633735e+03 4.073519195128408796e+02 5.441230716955486741e+02 9.081035847526358111e+02 9.650110947057581825e+02 1.238082813502759791e+03 2.987431235431235521e+01 3.058082702387886229e+02 5.147741454782527626e+02 6.219624413145540132e+01 3.227565515954469447e+03 3.086300525778076917e+03 8.447713444951800739e+02 8.259161904761904793e+01 1.790209150326797385e+02 2.761640296296296242e+02 1.552345679012345769e+01 9.279908568803124354e+02 1.174238532389434340e+03 1.014842949985871769e+03 4.455352697550673838e+03 2.356333639424548494e+02 2.602915170714537112e+02 2.116607553366173988e+02 2.574774227205481566e+03 3.294070175438596380e+02 8.056424303121348203e+02 1.549798742138364673e+02 2.241298949379178396e+01 2.775252279635258787e+02 2.799139158576052182e+02 4.742011637572734628e+01 1.429619534883720917e+03 1.599286745098039319e+03
1.233855092276144887e+03 6.259393294417634479e+02 9.734135744480973926e+02 1.189440308742719208e+04 1.249630636128061451e+04 3.638721769148789008e+03 1.859939892960065890e+03 1.463061505094733093e+03 2.620904333934318493e+04 5.727367475292003292e+02 1.186729682082623640e+03 1.546360665567381375e+03 8.209747349608025615e+03 3.080273532472146599e+03 6.196862170087977120e+02 2.583910018552875840e+02 3.405932676276301663e+03 5.442686558414912952e+02 5.465100480559196967e+02 8.841415707680005198e+02 9.736897699757870441e+02 1.241924012158054666e+03 2.895340282035560975e+01 3.080713022981732365e+02 5.097955976103604598e+02 6.925795053003531621e+01 3.246453901470430083e+03 2.627194820345310291e+03 1.556893368746463011e+03 5.625306122448979806e+01 3.121789215686274019e+02 2.733238095238095298e+02 1.892171605484299235e+01 9.276261083743843301e+02 8.054860408163264083e+02 6.517014423466495145e+02 2.820324477461596871e+03 2.174830775285320783e+02 3.129104308390022311e+02 2.459569845179451306e+02 5.580835754357844053e+03 3.795543647903444366e+02 7.349736381535770988e+02 1.529050533310019091e+02 1.895269016697588071e+01 4.237370820668693909e+02 2.762073509015256718e+02 4.706982543640898342e+01 1.138490601503759308e+03 8.096618204804044581e+02
8.618184863004140652e+02 9.414381259016120111e+02 1.159873247529303626e+03 8.560262473677630624e+03 1.020495711824981299e+04 3.503652419650494721e+03 2.379475204531151121e+03 8.896733525471257735e+02 2.992064557073427204e+04 6.633141472979990567e+02 1.137113523027280735e+03 2.156888042365049387e+03 7.296454612630022893e+03 3.125174499024649322e+03 3.257377461248429427e+02 2.612779415706245345e+02 4.537945761211643003e+03 5.333262602511900923e+02 5.379670161642637822e+02 8.701480709071950059e+02 9.986591135083016297e+02 9.075553048646268053e+02 3.410589410589411585e+01 3.019670970428987857e+02 4.927964315650820595e+02 8.589461770623742609e+01 3.220067949777411741e+03 2.736252619101015171e+03 1.563690150032615747e+03 7.172448979591838736e+01 2.814611344537815398e+02 2.232704761904761881e+02 2.198148148148147740e+01 9.304287191099735992e+02 1.129156493654780888e+03 8.371996119330584634e+02 4.637148640547307878e+03 2.515946477764659903e+02 2.926262633881430588e+02 2.558135995777621474e+02 5.579279905184789641e+03 3.463113890717577874e+02 7.850613062450818234e+02 1.690156671159030282e+02 2.278919361440851432e+01 4.550332175423360468e+02 2.763295769764216629e+02 4.789811186319915493e+01 1.441080357142856883e+03 1.587915756302521459e+03
1.090940464254438666e+03 9.285897321377447042e+02 1.067337917574027188e+03 1.608300716013546480e+04 1.741173670459925415e+04 3.625032687112192889e+03 1.045104189860220004e+03 1.428698155903312909e+03 2.674965393042231881e+04 6.809304122867341675e+02 1.083078104561373948e+03 1.789087473757872885e+03 7.987542442203798601e+03 3.516155049501340272e+03 5.922321733025776211e+02 1.861547464239272074e+02 4.235530778323332015e+03 5.499675248775864702e+02 5.324888591449491742e+02 5.220049796881143038e+02 1.064882031721192789e+03 1.263209097404143449e+03 2.967910201386596114e+01 3.017983896647409097e+02 4.951558107903883865e+02 7.057053547159553375e+01 3.252245056189563456e+03 1.650625489567508112e+03 1.174316343802896426e+03 7.775598352443505235e+01 2.580646053293112345e+02 2.692676923076921867e+02 1.208621100261967385e+01 9.086938992042438485e+02 1.151531076923077080e+03 8.622933374056458433e+02 1.295199152168153205e+03 2.698948223493677574e+02 1.770547008547008545e+02 1.668811792028057823e+02 2.663508969113878720e+03 3.484508936074849998e+02 7.582378372010839485e+02 1.809761273209549017e+02 1.741226747109099904e+01 4.544249863611565843e+02 2.736646751306945475e+02 4.017341262229043508e+01 1.439312577384569977e+03 1.598924348378893910e+03
1.536990330827448361e+03 7.180123825741770816e+02 1.013761086609486142e+03 1.333201400249082872e+04 1.410297350894035662e+04 3.485289788294922346e+03 2.339155879721266047e+03 1.360610813955934191e+03 1.852334460815205966e+04 6.542870097201951012e+02 1.193781632954377528e+03 1.851795759679284629e+03 9.776164567810543303e+03 2.596374894186396432e+03 6.003358648519937333e+02 2.363154184171132499e+02 4.849754478761116843e+03 5.493211569629721680e+02 5.373516035442639804e+02 8.354630357477074085e+02 1.092616228319244556e+03 1.259456779106431213e+03 3.326461538461538225e+01 2.956020692757535357e+02 3.805775253828945210e+02 6.276489707475623447e+01 3.190981281954995666e+03 2.441177313528961804e+03 1.512192823011336941e+03 5.534461538461538055e+01 1.666792357968828071e+02 2.692906666666665387e+02 1.912155745489079095e+01 9.059714255420667541e+02 1.147363284956249572e+03 8.483552439635086557e+02 4.421940407418668656e+03 2.689682136045772154e+02 2.940990171391438821e+02 2.365649867374005169e+02 5.544136044880786358e+03 3.554817440623892821e+02 6.224141651031894753e+02 1.718268090154211052e+02 2.128675605739825727e+01 4.558466993998908947e+02 2.741874533233756779e+02 4.080721273738729593e+01 1.435807871198568819e+03 7.772383710407240187e+02
1.116538000110065241e+03 1.160158227176220862e+03 7.645633159268928694e+02 8.040895677545601757e+03 8.374972233083522951e+03 3.820033456054231465e+03 4.619416707724313369e+02 1.286564798850574789e+03 1.734289953436351789e+04 7.433364592213697506e+02 1.287117043219647940e+03 1.424277690242764038e+03 1.320833242341522418e+04 3.464701971708550445e+03 4.123936725375082233e+02 2.660640190972221149e+02 5.143284188665616057e+03 5.697024895064409975e+02 5.301274961597541733e+02 9.324683508258075335e+02 6.199600550964187278e+02 6.454507868937048443e+02 4.111564139246542737e+01 2.929843287995269066e+02 4.900539605836648889e+02 6.405988200589970916e+01 3.258693808713196177e+03 2.768437813112611821e+03 1.555271094786245840e+03 8.115129331381157840e+01 1.805607298474945139e+02 1.988206958073149053e+02 2.388544891640867007e+01 9.153476256339328074e+02 1.086470568025652710e+03 8.363135280771410862e+02 3.316176877411694477e+03 2.627377890062777510e+02 2.839475030880536224e+02 2.507830149928117294e+02 5.553190423292795458e+03 3.727888726919338751e+02 8.269274289603540637e+02 1.592599671187834076e+02 2.040219907407407263e+01 3.664687975646880318e+02 2.711533009315512004e+02 5.008063175394845956e+01 9.994334895985933827e+02 1.578089705737624172e+03
1.055150060486088250e+03 9.242415551306564794e+02 6.252779669641460032e+02 1.304431283833339148e+04 1.546111607017087772e+04 3.512828068185909160e+03 1.981042905544473342e+03 1.007613477199987415e+03 2.412234879536861990e+04 7.084535290006986088e+02 1.194562685680332606e+03 2.228133904628657547e+03 1.508531177875049434e+04 3.198590069284064612e+03 6.049483002063647064e+02 2.303337637185280187e+02 3.290060553832011465e+03 5.450192176172890868e+02 4.993138803941556603e+02 7.977472621075688721e+02 9.633064265536720541e+02 1.231832366215345019e+03 4.126500000000000767e+01 3.088098605382047026e+02 5.289257180278790429e+02 8.731507656065959111e+01 3.236551277235161706e+03 2.767119462406491948e+03 1.547445240272274759e+03 8.201690476190476886e+01 1.947839052287581580e+02 2.652912592592592205e+02 1.292592592592592382e+01 8.823249425287356189e+02 8.607017142857142744e+02 8.279086311211947304e+02 2.826650255982855469e+03 2.372026323844505384e+02 2.744813932980599702e+02 2.511037561576354733e+02 5.422182074957146142e+03 3.799646783625730677e+02 8.051722817764168667e+02 1.542645502645502518e+02 2.000108225108224858e+01 4.556319655521784284e+02 2.710048543689320582e+02 4.762759767248545728e+01 1.413382928968138231e+03 1.582056882989183350e+03
1.490250705524801788e+03 7.720678288895400101e+02 1.017692503639010397e+03 1.588031377465167679e+04 1.811951665095821591e+04 3.441096713539718166e+03 2.272156226138032707e+03 1.316753044347510013e+03 2.823235480411618119e+04 6.736281119633965773e+02 1.176091854893908248e+03 1.839218103398029598e+03 1.531308243809090891e+04 2.911857904277748275e+03 6.307089714347780500e+02 2.404467795901296654e+02 3.626938688368739349e+03 5.515410968087958281e+02 5.287858477743799313e+02 7.858536496350363905e+02 9.504085987485059377e+02 1.227474447868516108e+03 2.983030303030303187e+01 2.063778685336445164e+02 5.304516624755518706e+02 8.684301643192489450e+01 3.206162001617217356e+03 2.553893100097181559e+03 6.971952308472856430e+02 6.540785714285715358e+01 3.071691176470587834e+02 2.643552592592591850e+02 1.742644032921811004e+01 5.723761199172984107e+02 1.127196467991170039e+03 7.106744953782305174e+02 4.494691644707949308e+03 2.334631925313742897e+02 2.541466033086940968e+02 2.398981937602627283e+02 2.523765778401122134e+03 3.521493307000219488e+02 7.073324570188615326e+02 9.522032232704403043e+01 2.046704871060171627e+01 4.575692333671057099e+02 2.696796116504854695e+02 4.448836242726516588e+01 1.418460513565891461e+03 7.519412745098039750e+02
8.117311000045026503e+02 9.367879559930513551e+02 1.269466780312021456e+03 1.272769501076880806e+04 1.324164096685328332e+04 3.739102639296187590e+03 4.238043565893786990e+02 1.326950052246603946e+03 3.356249581570423470e+04 7.277556382236688250e+02 1.216313086251782124e+03 1.795190985485103056e+03 1.531942679295227208e+04 3.377699987068408063e+03 3.069939512542252373e+02 2.642329545454545610e+02 4.144024392864817855e+03 5.869762760036317104e+02 5.224901550062839988e+02 6.929803181929127049e+02 9.849631855747558120e+02 1.223361666197579780e+03 3.523917284432305763e+01 2.325080372023010113e+02 6.324670525608556773e+02 5.666741753821398930e+01 3.248111250580325304e+03 3.018447892120948381e+03 1.536522748142582941e+03 7.515746040196992794e+01 2.888306595365418730e+02 2.642056605303705510e+02 1.412046158176188548e+01 4.992376461712560740e+02 1.117096281181027280e+03 9.795805187438769508e+02 1.571697466202541818e+03 3.246626299745271353e+02 2.899469656865103957e+02 1.937197109729457054e+02 5.487762479802704547e+03 3.737500662602703301e+02 7.792558819434775614e+02 1.753895303217128401e+02 1.877272727272727337e+01 4.496114570361145866e+02 2.669884016348171940e+02 4.270414871911131627e+01 1.418217084409875952e+03 1.559120541106369274e+03
1.095006524575902631e+03 9.507781785996864983e+02 1.255636406336735490e+03 7.894611485359835569e+03 8.086023104065819098e+03 3.437667708548344308e+03 1.898599790411317827e+03 1.336455196479258348e+03 3.265204437464081275e+04 7.110010291595198169e+02 1.140536703937773382e+03 1.568064771534865940e+03 1.548853194096208063e+04 3.094967715886884434e+03 6.103741224562338630e+02 2.709244391971664072e+02 4.859812863455055776e+03 5.408541052710111217e+02 5.183199888796218602e+02 8.813033031704239875e+02 9.202585516178736498e+02 1.227159767891682577e+03 4.213733905579399419e+01 2.999012160497134687e+02 4.730347255887529627e+02 5.820141342756184599e+01 3.221606652551055504e+03 2.771007211640435798e+03 1.543565985979883862e+03 7.665818181818181642e+01 2.778520499108734612e+02 2.547946666666666715e+02 1.965944272445820218e+01 8.174626959247648301e+02 1.121960353246753584e+03 8.518680451709382169e+02 2.484955403951374592e+03 3.200262960180315872e+02 2.683327561327561170e+02 2.201782355575458610e+02 5.509375876577840245e+03 3.580727007879229404e+02 8.070821383822915323e+02 1.686569489262267894e+02 1.592561983471074427e+01 4.387485493230174143e+02 2.725675198587819636e+02 4.172477896168669531e+01 1.422121531100478478e+03 1.576618986323411036e+03
1.632517185677106681e+03 8.983645153557253025e+02 1.269665558405370348e+03 1.137735142295948572e+04 1.478592277691107665e+04 3.375664683407705525e+03 2.482135642644278505e+03 7.417461500248385846e+02 2.485418183062744720e+04 6.696729915220022349e+02 1.152232943639853374e+03 2.396981258643438196e+03 1.557099193848443610e+04 2.084202535321863706e+03 6.236100595396783319e+02 2.525067868141895246e+02 4.962354138999557108e+03 5.398533961986149734e+02 5.213603002502085246e+02 9.027857996018580025e+02 9.338717953634638889e+02 6.412772252872754279e+02 4.957558441558440165e+01 2.868066985645933187e+02 4.589101577383220842e+02 8.628937259923173997e+01 3.194480754550542770e+03 2.905497767538583958e+03 1.535654296388542889e+03 8.483376623376622661e+01 2.599197860962566438e+02 2.650075151515151219e+02 1.095286195286195330e+01 8.976255247164964430e+02 1.124886872378421003e+03 7.869306023724363968e+02 4.498264283147682363e+03 2.305416979714500485e+02 2.514548334453296832e+02 2.543215405284369979e+02 5.541165752900675216e+03 3.463708181219701032e+02 7.625171352349681229e+02 1.576689536878215563e+02 1.973326387079969280e+01 4.444749930920144152e+02 2.727422771403353750e+02 4.259532985717525122e+01 1.400462579281183707e+03 1.607587379679143851e+03
1.496020009905894085e+03 9.029906099946647373e+02 1.308043433863690552e+03 1.776486886990617495e+04 1.830375346674090542e+04 3.655237372143316861e+03 5.570847233691163183e+02 1.252484550507954737e+03 1.803389472458739692e+04 7.211992294520546238e+02 1.196849532306806623e+03 2.462503571428571831e+03 1.571619571959942550e+04 3.488134550411949022e+03 5.848386823222440398e+02 2.480401041666667084e+02 4.924600748694710092e+03 5.888433070866141179e+02 5.153898617511522389e+02 8.931602247740046323e+02 1.089242222799273122e+03 1.240458226867983512e+03 3.987134670487105836e+01 2.787461856889414662e+02 4.767119386014781526e+02 8.527450980392157476e+01 3.260550076219512903e+03 2.651802550408719526e+03 1.542662009803921364e+03 7.029718518518518522e+01 1.620523379819524052e+02 2.559357716324710168e+02 1.529400630914826920e+01 8.853365617433413490e+02 8.602094517091076114e+02 8.411098128190585612e+02 3.287282742653606419e+03 2.557696320447135463e+02 2.567175410704822980e+02 2.287534195933457113e+02 4.516260968194573252e+03 3.698444606413993370e+02 7.081467075038285657e+02 1.676786683107274882e+02 2.098333333333333428e+01 4.436665651953322822e+02 2.689097323600973368e+02 3.708229426433914711e+01 9.783954785672344769e+02 7.187572356763143944e+02
7.850397226349678022e+02 1.006430615640599058e+03 9.971606024667930797e+02 1.604417220125785934e+04 1.757724122858445844e+04 3.582692773071017655e+03 4.437350752393980997e+02 1.330999885090491034e+03 1.660516612119137790e+04 6.851093776641092745e+02 1.149280079624626751e+03 1.778822852143482351e+03 1.572798466875177473e+04 2.931491514576914142e+03 2.469420469361147639e+02 2.420081924577374082e+02 4.961053063435775584e+03 5.389615605749486349e+02 5.087585465711361508e+02 8.472551959114139208e+02 9.891095571095571586e+02 1.239429179566563562e+03 3.665608011444921743e+01 2.753635718509757453e+02 4.477524373062835252e+02 9.235115044247787353e+01 3.222901623254058904e+03 2.675158349743994222e+03 6.927367003367003235e+02 7.554095513748191593e+01 1.605779411764706310e+02 2.524245333333333576e+02 1.425201238390092939e+01 8.819119170984457696e+02 7.911372881355931668e+02 8.251613726602382712e+02 2.900406435088842045e+03 2.381688562241617433e+02 2.543068783068783318e+02 2.313410967344424023e+02 2.747667570727145176e+03 3.657299344501093401e+02 5.158623277182235825e+02 1.653352216748768342e+02 2.432757475083056775e+01 3.814055752660922849e+02 2.677536407766991147e+02 3.308279301745636047e+01 1.312114310798946462e+03 1.565293506493506584e+03
1.092210750206100329e+03 9.133584656084656217e+02 7.608584478102616231e+02 1.154558586125399779e+04 1.205318314482579444e+04 3.378368189910979254e+03 2.300947399411187234e+03 1.290648795180722800e+03 2.049545400520334078e+04 7.094178541492036629e+02 1.106039292569235158e+03 1.757006925498425517e+03 1.558809805013927325e+04 3.277936100420392449e+03 5.827928315412186748e+02 2.448998090388288063e+02 4.823526596740040986e+03 5.343476810414971396e+02 5.038610601427113806e+02 7.326926520681264492e+02 1.039982549767047885e+03 1.234889361702127644e+03 4.316742857142858014e+01 2.761355712603062216e+02 5.357578063794068157e+02 8.838515901060074498e+01 3.203100826135937496e+03 2.509861538461538657e+03 1.512951948842874572e+03 6.630200000000002092e+01 1.697356209150326833e+02 2.966963555555556695e+02 1.942716049382715937e+01 8.917260689655174701e+02 1.052249246231155894e+03 8.108251843448666705e+02 3.252985193370165689e+03 2.379585858585858773e+02 2.617461375661375200e+02 2.294964285714285666e+02 5.546765357643758762e+03 3.334238628872774939e+02 7.305060745278202603e+02 1.769887667887667817e+02 1.705177993527507851e+01 4.354050658561295677e+02 2.678310679611651040e+02 4.404438902743142137e+01 1.395595232558139742e+03 1.574266725663717125e+03
1.502421784435037353e+03 8.724498463339676846e+02 8.404647207538497469e+02 7.316715763613110539e+03 8.028853625402191028e+03 3.389323182207014725e+03 2.382837585903083436e+03 1.221808197019265663e+03 2.667089248636684715e+04 5.748367379895032627e+02 1.169412183436002579e+03 1.884731771288686787e+03 1.501140900358097133e+04 2.384584760891410951e+03 5.714301075268816703e+02 2.433035647279548925e+02 3.047646115263571119e+03 5.173966278602969169e+02 5.063155963302750706e+02 3.875982968369829109e+02 1.030658932714617094e+03 1.231783050847457616e+03 2.605230769230769283e+01 2.711258309037901313e+02 4.668643755238894073e+02 5.501584507042255012e+01 3.173310916215712041e+03 2.096162697166779253e+03 1.524062283105022743e+03 7.728942857142858713e+01 3.013653594771242297e+02 1.941841777777777907e+02 2.092098765432099228e+01 8.887262577532735577e+02 1.091717469741950481e+03 6.670026032823997184e+02 3.776762922735126722e+03 2.416101010101010331e+02 2.667295670538542822e+02 1.597710591133005380e+02 5.502045244215938510e+03 3.523765635286372344e+02 7.405583375062594769e+02 1.719009433962264097e+02 1.985959885386819224e+01 4.388956433637284817e+02 2.845072815533981156e+02 4.496608478802992437e+01 1.396315988372092988e+03 1.684081235294118187e+03
1.608399611101939172e+03 9.368965962588008551e+02 1.106122043331345594e+03 1.076649610412849688e+04 1.424224620230322580e+04 3.645825701183471210e+03 5.778876961189099575e+02 8.511338785594105047e+02 3.082384976018546513e+04 3.469195730893844143e+02 1.241372801125823571e+03 1.223936847020370124e+03 1.267369734541408434e+04 3.737171315375579525e+03 5.642382611219971977e+02 2.451634837962963331e+02 4.050843244486049116e+03 5.749630601730340231e+02 4.927009159697330460e+02 8.235557727285066676e+02 1.011764663221829210e+03 1.114279433905450333e+03 2.996402419611589352e+01 2.650719495367632703e+02 4.248383407575901174e+02 5.380471380471380627e+01 3.238401305195356144e+03 1.752308451917360799e+03 1.518202205882352700e+03 6.820576131687242594e+01 2.944706954698751247e+02 2.514781746031746081e+02 7.601822642832106069e+00 8.664126215457935132e+02 1.059075679946980699e+03 8.690200157604413107e+02 2.169979024438508077e+03 2.314825855198468503e+02 2.450614143555320368e+02 1.944912713082768221e+02 5.420695717700863497e+03 3.898607014093739735e+02 7.212156561780506081e+02 1.716632415399369620e+02 2.185339506172839563e+01 4.281690061446528830e+02 2.799132197891321994e+02 4.616791354945968351e+01 1.398628890193775760e+03 9.152244536326047637e+02
1.455037293856511496e+03 1.086582287129558381e+03 1.165744784661233780e+03 1.748043086324846081e+04 1.800751121537280778e+04 3.630627094619522268e+03 5.669325428334481103e+02 1.218570881226053643e+03 3.560832412225976441e+04 4.364019134223737524e+02 1.234639484498169168e+03 2.540566427446175112e+03 1.044263330490000953e+04 3.587783494020336548e+03 5.651681524969196744e+02 2.320442708333333712e+02 5.087139195341915183e+03 5.756073720268249190e+02 5.068751208966262993e+02 8.224187888156644703e+02 9.458161569070661017e+02 7.125442036463707609e+02 3.275759020823398515e+01 2.703443064590314293e+02 3.057271808477038917e+02 8.068829891838741730e+01 3.160493142066188284e+03 2.391589683050725853e+03 1.528484780464578307e+03 1.000528946944041309e+02 2.879255628177195945e+02 2.502991985752449011e+02 1.397110423116615330e+01 8.668205718672039666e+02 1.059474474474474619e+03 9.315273838784900136e+02 3.080175673012494372e+03 2.220817638952687503e+02 2.277407407407407334e+02 2.436622167453960515e+02 5.498788325150027958e+03 3.702533203757693627e+02 6.795806817537293227e+02 1.684217016029593026e+02 2.825396825396825307e+01 4.282186143525564148e+02 2.798830835695963515e+02 4.038237738985868930e+01 1.399269924885376895e+03 1.250980716253443688e+03
1.038194284038203932e+03 9.025768795790920649e+02 1.142060957152549463e+03 1.769680705105062952e+04 1.815298571108654869e+04 3.372229874701168683e+03 1.651908101184758152e+03 1.180644238624186983e+03 3.682819871536415303e+04 5.314651758676915279e+02 1.122929201517436923e+03 2.700914733201197123e+03 7.891015322402299716e+03 3.296755808215392335e+03 4.122011512979254917e+02 2.386262626262626441e+02 4.964958213642805276e+03 5.251870697123056289e+02 4.997427794767244791e+02 8.633338200697655793e+02 8.779251412429379116e+02 1.204466795615731826e+03 3.881386107137180375e+01 2.686916781247954304e+02 4.593268469142732329e+02 7.974676089517078026e+01 3.185679272059437153e+03 2.390122310364494297e+03 1.513563615428900221e+03 7.525396825396825307e+01 2.969360929557008717e+02 2.491733333333333462e+02 1.384038527691778775e+01 8.614015325670497987e+02 1.008898285714285748e+03 9.323927018339951474e+02 2.651659223817118800e+03 2.228218549127639676e+02 2.677419165196942572e+02 2.443095238095238244e+02 4.487426107734662764e+03 3.577344015537751716e+02 6.737840735068913318e+02 1.623620291037672132e+02 2.633621933621933664e+01 4.299222109647641332e+02 2.793430420711974875e+02 4.251039068994181491e+01 1.395435347628329964e+03 1.548571943625040831e+03
1.061323425103286809e+03 7.319845574940136430e+02 1.185766313622803182e+03 1.548255466169996907e+04 1.772667404807303319e+04 3.351391913573644160e+03 2.250140249872713412e+03 9.556384256305880172e+02 3.549134854743376491e+04 6.208535414704167579e+02 1.091772202419035466e+03 2.390071003847498559e+03 7.060972335910261791e+03 3.117450387199411580e+03 5.973515803193222382e+02 2.412376368835879532e+02 4.945691308838718214e+03 5.448417071853052676e+02 4.972362668478876913e+02 7.944566098945660997e+02 8.733061473200683622e+02 1.207817736530033699e+03 3.792063492063491736e+01 2.642852501624431625e+02 5.762726820780511616e+02 7.987949921752736770e+01 3.190730379271499260e+03 2.582131087355577620e+03 6.715491947489512086e+02 7.688571428571428612e+01 2.676005809731300360e+02 2.504612345679012435e+02 1.844581618655692878e+01 8.557813768282411502e+02 9.017586416933152123e+02 9.305382268767493770e+02 4.364964939247547591e+03 2.210332619120497668e+02 2.487350698110993790e+02 2.682353585112205678e+02 2.492759077450522454e+03 3.422615755979810501e+02 7.521877822944896934e+02 1.849814155792803660e+02 1.379476724430852919e+01 4.345479004840707375e+02 2.794158576051780756e+02 4.219451371571072684e+01 1.383857881136950937e+03 1.535538562091503309e+03
1.593535708284322254e+03 9.167690017016450383e+02 1.180468357834349263e+03 1.348875117325675274e+04 1.406039721412048857e+04 3.771503274513371707e+03 5.952722970668486369e+02 1.122881894889103251e+03 3.245483684631194410e+04 6.599268240343349134e+02 1.031312445980984876e+03 1.816671409807355758e+03 6.883882087628866429e+03 1.076128736654804243e+03 5.604772876892692466e+02 2.497239685658153405e+02 5.136502226214654002e+03 5.956969530907496164e+02 4.853878073770491710e+02 8.092532027128862637e+02 1.063727971172151229e+03 1.192839278790228491e+03 3.406250000000000000e+01 2.471126112759643547e+02 5.732628022759602118e+02 8.525446428571429180e+01 3.309397290209790299e+03 2.729968996062992119e+03 1.492529941502463089e+03 8.422835820895521408e+01 2.879895406070548916e+02 2.410299107142857054e+02 1.676419558359621220e+01 8.458388101003114343e+02 1.029312256139545752e+03 8.970004258943783952e+02 3.267453962600178329e+03 2.244523587108827485e+02 2.552076923076922412e+02 2.575624229346485663e+02 5.490160143910143233e+03 3.907535714285714334e+02 7.249129127207577312e+02 1.896741676942047548e+02 1.427419354838709609e+01 4.128715596330275162e+02 2.761961678832117286e+02 4.006250000000000000e+01 1.382285492457852570e+03 1.643210771276595779e+03
