# Historias completas obtenidas con el método de alfa-Feynman
#
# Cálculo de [cov_12/sqrt(mean_1*mean_2)] en paralelo
#
# Fecha de procesamiento: 20-11-2020 14:15
#
# Valor de dt [s]:
0.0004
#
# Número de historias:
50
# Tasa de cuentas [cps]:
# [promedio desvio_promedio ...]
[34560.48241929677, 1273.942773326306, 9533.988157157717, 330.9859588078998]
# Cada columna es una historia
#
1.136429946215605469e+01 1.568340318630296615e+01 -2.329917503520904987e+00 -1.394070987586359323e+01 7.722946526672308742e+00 7.057042298400332925e+00 -6.057507567658339198e+00 -3.192235444835813230e+00 3.994194239610305885e+01 -2.766790719243095165e+00 -8.091062910712687462e-01 -6.293570005124395017e+00 -1.786760346947421851e+01 -4.579764322968983059e+00 -9.259953661084397991e-01 -1.754682146368597540e+00 -1.851719107952426668e+01 -3.790791098070785292e+00 -1.063070903945797951e+00 -8.707813588919588454e-01 -2.070507011659119989e+00 -2.156109318564108923e-02 -7.671824810041004694e-01 -2.969088322941599412e+00 -1.598765213303891874e+00 -6.371569054546758482e-01 -3.833870680503608686e+00 -1.624762701438092449e+01 2.190869347329419625e+01 -6.880855165248689342e-01 -1.712286458646048004e+00 -2.365663682083106067e+00 -3.502740340289771659e-01 -1.674486392333645934e+00 -2.245192669962686516e+00 1.044122792482838763e-01 -2.481057272231152133e+00 -1.344117827027666578e+00 -3.222305178997214026e-01 1.846440981673789139e+01 -2.391441426703451167e+00 -2.221035436240006433e+00 -3.694466184250828622e+00 8.106568287596380706e-01 -8.033492171214731137e-01 3.863064697413678861e+00 1.143935130986484694e+00 -1.496002279206743557e+00 -2.843447940186932144e+00 2.729130573339869859e+00
2.113974057023558117e+01 3.148192876369602189e+01 -3.819593646633703710e+00 -2.774197320057891147e+01 1.610339088124669615e+01 1.369671415407120030e+01 -1.056895863833886473e+01 -6.594817099595573495e+00 7.762340526377168715e+01 -5.551204448941580161e+00 -1.172457319590722413e+00 -1.283775690426856464e+01 -3.593144152396227042e+01 -9.579585768690918712e+00 -1.836641528768093279e+00 -3.863202220680232113e+00 -3.703279868170861278e+01 -7.595376864984894283e+00 -3.856182809971334002e+00 -1.867477809860875970e+00 -3.779705736529001658e+00 2.211829914113335599e-02 -1.330610387440204434e+00 -6.010915637189891747e+00 -2.858315242006497225e+00 -9.816585494114049570e-01 -7.577535038774620091e+00 -3.263353846260542213e+01 4.438260712580085965e+01 -1.143294875965036317e+00 -3.338224051663464476e+00 -4.735967646784692953e+00 -6.962997415419015512e-01 -3.360013846655877323e+00 -4.272557637912126616e+00 5.904491044870919803e-01 -4.935138320420280778e+00 -2.725147759517704937e+00 -3.864273261631047673e-01 3.698461970815788646e+01 -4.743158382107953486e+00 -4.328758184948894083e+00 -6.627610349707115489e+00 6.978541675028292479e-01 -1.477967177795728171e+00 6.671082805232547486e+00 2.433095836605764895e+00 -2.983084197767066126e+00 -5.733978366725438924e+00 4.309127590083639880e+00
3.139275358380787395e+01 4.854472092832747876e+01 -6.511834067806716142e+00 -4.161751694192701478e+01 2.089004780812315687e+01 1.496332610639558425e+01 -1.548125507337631568e+01 -8.812058972391922040e+00 1.157200657429877566e+02 -8.018400359445497116e+00 -2.169489010218266678e+00 -1.888215434476096632e+01 -5.389066028584272061e+01 -1.265019749573687058e+01 -9.133905371386978889e-01 -5.182214382114977091e+00 -5.510551671522604522e+01 -1.085318808529653900e+01 -5.676553652473040223e+00 -3.324048538947025566e+00 -6.580957798712391060e+00 8.948480671015662802e-02 -1.279715527045871548e+00 -8.960253163563701051e+00 -3.889599308683647561e+00 -1.178643797450915187e+00 -1.135458797922660601e+01 -4.902776462978002314e+01 6.613649303928180245e+01 -1.620528240924708818e+00 -4.806190989330354491e+00 -7.242011408453963739e+00 -6.156521114249170479e-01 -5.347170631765295390e+00 -6.541340795702073940e+00 1.084327975104900199e+00 -7.573294732139427055e+00 -4.238236004120148337e+00 4.005735275590284195e-01 5.246359198229475140e+01 -6.944116627416178744e+00 -6.491567591242033863e+00 -1.226880341256428508e+01 4.960577698909594546e-01 -2.349468873056713036e+00 9.101216714326486823e+00 1.309351623197928083e+00 -4.199190869117114921e+00 -8.153304649999952858e+00 3.812097564702314756e+00
2.236497621534201130e+01 5.344624043132950675e+01 -3.610126457797719013e+00 -5.927828334654422804e+01 3.055127648452553757e+01 1.915678052545742460e+01 -1.882622334560924671e+01 -7.882534171245091592e+00 1.347951612814852922e+02 -1.090580690288222954e+01 -3.199811852070781004e+00 -2.589380391282056237e+01 -7.260408636483589362e+01 -1.980379782937242084e+01 -4.667572635205927689e+00 -7.463866170589672500e+00 -7.311726017143958245e+01 -1.474976066202711067e+01 -7.520671552908082980e+00 -4.582352249797767563e+00 -1.158705923090530732e+01 6.953038136629513533e-01 -1.355313199002838864e+00 -1.177344042041520566e+01 -5.649515667286248544e+00 -1.244742365193912459e+00 -1.537159963580479527e+01 -6.547737123562276906e+01 1.044016625152283950e+02 -8.152537199830397485e-01 -7.453019503300976289e+00 -9.384179587935957301e+00 -6.793919992671312302e-01 -6.910075399204447244e+00 -8.895109666074979771e+00 2.554758722263893667e+00 -9.498643381645605288e+00 -5.383271828381031909e+00 2.055831060310386871e-01 6.455068761845910785e+01 -9.433140290664383087e+00 -7.570571504723592859e+00 -5.906733186793963419e+00 -7.611363220304463717e-02 -2.149270573862415823e+00 8.172104214440846448e+00 2.708645024234769050e+00 -4.562853013518956224e+00 -1.169485294095338013e+01 7.534038354208799859e+00
3.327737031505905918e+01 8.094405282632754961e+01 -5.646776694477622982e+00 -7.625544567735232704e+01 3.795264210380616987e+01 1.677249862838044336e+01 -2.421464804364401147e+01 -7.265025386087684112e+00 1.661633470392400227e+02 -1.305596456852513043e+01 -2.534246533919018773e+00 -3.295138635511855796e+01 -9.099801834032997760e+01 -2.517363859491007361e+01 -8.855291846804114186e-01 -7.935911739183526770e+00 -8.780687757360355761e+01 -1.801914325036902298e+01 -7.883853984891358024e+00 -4.959612675206753529e+00 -1.685286679713333768e+01 7.009029376960133062e-01 -3.399482911322579071e+00 -1.469995610962545385e+01 -7.036567130194035791e+00 -1.584004831518934564e+00 -1.926403423245280777e+01 -8.228105296171409577e+01 1.249641411916077942e+02 -3.447187510900991292e+00 -7.707220625475883935e+00 -1.214562830344515199e+01 -1.851783146576235550e+00 -8.096580723214124475e+00 -1.134649986669282562e+01 3.487960495440466158e+00 -1.304491544682685955e+01 -7.264379552385368477e+00 7.701532250313590788e-01 7.660961657276848769e+01 -1.246315580774778553e+01 -7.996983919908181804e+00 -9.995546869987760985e+00 -1.171393459623136568e+00 -9.873047296327421840e-01 6.025866987928285567e+01 -2.916773881479878816e-01 -7.029022987275627798e+00 -1.469053321372203413e+01 2.195254905709022264e+00
3.150942438960174385e+01 7.252033849508099195e+01 3.089454237940057357e+00 -8.605692245256456374e+01 5.123290535610827590e+01 2.586287449322898269e+01 -2.952840156391001969e+01 -1.135028448216915109e+01 2.174012514552422317e+02 -1.606265224994716689e+01 -6.199538413824674521e+00 -3.862959200753119404e+01 -1.097502077142825527e+02 -2.961693195251870137e+01 2.491455006968164465e+00 -1.166353998946610027e+01 -1.052443776114164962e+02 -2.085277216062018368e+01 -1.199134394343639087e+01 -8.581638184431568561e+00 -4.390408355252998440e+00 1.110855546653837456e+00 1.757633682175066436e+00 -1.759085532006997710e+01 -8.763626019384197718e+00 -2.752286252656188204e+00 -2.291182055135519136e+01 -9.788818091446499636e+01 1.319174611025613615e+02 -2.634327754407047806e+00 -1.066997481019670779e+01 -1.456222742334102627e+01 2.444773325254994967e-01 -1.063329077540244505e+01 1.604691073892219677e+01 9.631921206652926060e+00 -1.537862014532372257e+01 -8.637709331672416724e+00 1.902924052621833007e-01 8.138171878369935541e+01 -1.576954016254746804e+01 -1.460485868096035666e+01 -3.010437631186711016e+01 -1.870432194073421872e+00 -4.034234313276565231e+00 6.070380554392472483e+00 5.196818941845788409e+00 -7.714220524427309655e+00 -1.665909986458314052e+01 1.646560001725672517e+00
2.350139486293440427e+01 6.835030118809349631e+01 8.212474160178375726e+00 -1.136274158453104377e+02 6.569507906779662676e+01 5.896955070890120609e+00 -3.746575448544323450e+01 -2.181974751865747209e+01 2.340515994946667604e+02 -1.781788737889785068e+01 1.423110411340494874e+00 -4.388360436118692576e+01 -1.276992286354401784e+02 -3.415710659638364888e+01 -3.127670066026091988e-01 -1.262643291089223752e+01 -1.293218896869742593e+02 -2.540179152355593928e+01 -1.061355644821670730e+01 -6.308496906887628874e+00 -6.467604603812275421e+00 3.173641668047549658e+00 -4.269670403306027318e+00 -1.994614787825949165e+01 -8.601453350753642368e+00 -1.725615134242811655e+00 -2.633553901947362519e+01 -1.133461805815483388e+02 1.363448108266893257e+02 -3.577639826864808192e+00 -1.008393634791255877e+01 -1.574575657878858692e+01 -2.800904803244479435e-01 -1.247780091110049483e+01 -1.586098700146586182e+01 -3.829662982108398950e+00 -1.740490162738378288e+01 -9.776341178611966498e+00 -3.015637649501627937e-01 1.082202040930383475e+02 -1.725565483547265444e+01 -1.430363219603102642e+01 -2.785240536639152253e+01 -1.313999801523435318e+00 4.865587789906123284e+00 4.281420810093545271e+01 2.078511322356561664e+00 -6.150701782892428859e+00 -2.082084198773484118e+01 8.390620953804017290e+00
9.847276229950708171e+00 1.181156388964769093e+02 1.954587964089905583e+01 -1.428707882727135257e+02 5.100770960574434554e+01 1.932852600582875979e+01 -4.221492499549926691e+01 -1.473609617321400833e+01 2.570293041073383051e+02 -2.150736487420131837e+01 -4.110838277479479608e+00 -5.019625927500015194e+01 -1.486871366088145692e+02 -3.754779623439698355e+01 -1.625458484240079438e+00 -1.242266606702379050e+01 -1.416541324725517086e+02 -2.513790771357104248e+01 -1.565363764431656790e+01 -7.014952261911531650e+00 -1.777927457816653956e+01 1.117082833210013337e+00 -4.387182889449618095e+00 -2.333604106287411994e+01 -1.178529128484591659e+01 -1.682756334785640018e+00 -3.020963616984620970e+01 -1.311714915079935508e+02 1.363383029766704908e+02 2.094879933537548755e+00 -1.451427854540311913e+01 -1.910498009108512463e+01 -1.793689186245017053e+00 -1.435968585950214482e+01 -1.818409614400266250e+01 1.637253661599378063e+01 -2.019825435492955279e+01 -1.058037067033978218e+01 3.608443707086428809e+00 1.016301695389554567e+02 -2.003849090690133394e+01 -1.514841071036384434e+01 -2.606948966837605752e+01 -1.459687047292306694e+00 2.416345276480966753e+00 1.739732247770049423e+00 1.800437174270748786e+00 -1.166103066703482938e+01 -2.294327032938598876e+01 8.984344401611402686e-01
3.059943337133254460e+01 8.302902191110737817e+01 -1.815674810306854781e+01 -1.544005597616757086e+02 7.536235357999750306e+01 1.382278670383943364e+01 -3.881322895958432184e+01 -1.820873447165067205e+01 2.811916038714609272e+02 -2.574352682312565932e+01 2.102166486281802449e+01 -5.910509150435592574e+01 -1.631904421846206787e+02 -4.826654643279778867e+01 -8.756379121883923755e-01 -9.380089965158152410e+00 -1.506433030182936932e+02 -3.107096158917048001e+01 -1.170564899780498891e+01 -9.119231739654239277e+00 -4.316254681289144202e+01 -4.900975988094462554e-01 -1.668296904193213304e-01 -2.267014320929177629e+01 -9.518783719613491456e+00 -3.004851203228527723e+00 -3.300065225679535530e+01 -1.441604574430240575e+02 1.647237615478730959e+02 -4.668669596535162114e+00 -1.396596158030558321e+01 -2.252925128597701843e+01 -2.986410217737547335e+00 -1.557283993116612386e+01 -2.095029803741902086e+01 1.354669116923650307e+01 -2.408834664594051844e+01 -1.338050587120119950e+01 1.081293163572822680e+00 1.274775588086116045e+02 -2.067393679140764462e+01 -1.995828685271342451e+01 -4.897692011031628567e+01 -2.127595903901431384e+00 2.644144763339288051e+00 -1.843436864389914609e-01 4.460875467900801361e+00 -7.037499931443736756e+00 -1.801845584908175724e+01 6.175615462423909463e+00
3.531069531055962329e+01 9.387716497512418812e+01 2.336062838499824679e+01 -1.881554387182101777e+02 3.613253675128202502e+01 3.672111868460799400e+01 -4.748227032708274464e+01 1.474220348613493137e+01 2.845520691236890798e+02 -2.407416419774945737e+01 -1.536806228322810419e+01 -6.807683314826958565e+01 -1.826958457294413734e+02 -5.209636748864338784e+01 2.140052061629408087e+00 -2.011238536078031558e+01 -1.689896567127269407e+02 -3.856845959329645268e+01 -1.029372240331127131e+01 -1.457926937028340042e+01 -1.809677963832974257e+01 2.310995338814002764e+00 -9.837438812228281648e+00 -2.834814801708417420e+01 -1.249858473097045497e+01 -3.091378641912091219e+00 -3.730245499950248700e+01 -1.654341850956772930e+02 2.549591847518535701e+02 -3.590497735358865183e-01 -1.221300484141952758e+01 -2.537202666198204426e+01 -2.758034731104872517e+00 -1.767543348910701795e+01 -1.667571235340040303e+01 -5.478170393198549704e+00 -2.687115652511925035e+01 -8.078331390831392511e+00 1.454286478520095072e+00 1.412405449435139531e+02 -2.245262133565135088e+01 -2.004498923477262551e+01 -4.340659329568197933e+01 -3.449078513012580949e+00 -3.014775461990711225e+00 6.530951655841336390e+01 2.135369024836022867e+00 -1.273604619172808405e+01 -2.506333430073298629e+01 6.683875463033379205e+00
3.114061681773361556e+01 1.495970109251964004e+02 1.324500418862855966e+01 -1.909792849371692967e+02 1.439767107964692039e-01 -9.123876679393744027e+00 -5.998105340769745908e+01 -4.247504502002270499e+01 3.045179001652126090e+02 -2.485948655013947572e+01 2.491704493525067135e-02 -6.769545909687093399e+01 -2.036278646125817318e+02 -5.995251449901720520e+01 -5.824070733718635928e+00 -1.801213229271585448e+01 -1.895168927503950727e+02 -4.090687443909590826e+01 -1.138092327333489351e+01 -1.213168395148382039e+01 -5.209927290519437548e+01 -2.643470330358921871e-01 2.740570321852513036e+00 -3.151552112800210992e+01 -1.200993574313127432e+01 -2.430015810071811444e+00 -3.991190699319560053e+01 -1.793621586992713333e+02 1.993066149086691894e+02 5.039231860142093788e-01 -1.783854107805149170e+01 -2.125701660928778480e+01 -3.017828119021657152e+00 -1.906642006118865851e+01 -2.458638085722711963e+01 -1.805091745813096082e+01 -2.767005655077162629e+01 -5.706678833169512188e+00 -4.803209170502362291e+00 1.303610490864590474e+02 -2.946088836418376289e+01 -2.479510070852992953e+01 -6.365979332042557104e+01 -5.293424141243314729e+00 -2.181646772862498196e+00 6.914173266876176172e+01 7.059525834193204119e+00 -1.525814441719654191e+01 2.450804409318111166e+00 1.314282626091391126e+00
6.137151371704197089e+01 6.783766725781173079e+01 2.113975626148458531e+01 -1.992340737768163876e+02 1.074425807654838749e+01 -1.968289040748460295e+01 -5.150131330410441421e+01 -2.515018720661306872e+01 2.854608181918886771e+02 -2.703370391814005202e+01 -5.910428109391019369e-01 -8.611689061360203823e+01 -2.240750076464522635e+02 -4.833955772490467950e+01 5.198727860976000592e+00 -2.180018339301425812e+01 -2.151355713288944287e+02 -3.259262732205318258e+01 -1.161020279156540269e+01 1.844760361044214481e+00 -4.157290403918472066e+01 -1.277728945984177855e+00 5.654043533268813704e+00 -3.014045026036048824e+01 -1.141171073194605512e+01 -5.996102983395211972e+00 -4.421734691049233845e+01 -1.904265355750490585e+02 2.642811706722380904e+02 5.734947535762797699e+00 -1.896378799938884541e+01 -2.436426061744469607e+01 -4.275785385584764065e+00 -2.178926705509261552e+01 3.405903258950175427e+01 5.143865493583222204e+00 -3.040712594811030911e+01 -1.740684500442544547e+01 4.962766668627114797e+00 1.084963856645860147e+02 -3.065026746733912333e+01 -2.273069004531567927e+01 -4.899322235397180236e+01 -3.557423505850787482e+00 -1.606346700635702174e+00 -6.814669988011536894e+00 3.467893906966584172e+00 -1.778806552157132970e+01 -6.360972305168189678e+00 4.936447601943192987e-01
3.521560034277839435e+01 8.211107764472748727e+01 6.321797538080567591e+01 -2.630427831081778436e+02 7.705689743845350392e+01 -5.055096303457355589e+01 -7.400073703513524492e+01 -1.754342487969212527e+01 4.049000967637856547e+02 -3.425743371741627641e+01 6.207133551043896347e+01 -9.424521883426692170e+01 -2.330744330202797130e+02 -6.662029201664850575e+01 -8.639604652484131009e+00 -1.738642184086212339e+01 -2.181263496866609159e+02 -3.840993386289260769e+01 -1.453772023514001077e+01 -1.214803534919934869e+01 -2.988134962865574451e+01 -5.040505679408192385e+00 7.090518389225739959e+00 -3.286427323250955368e+01 -8.430143210315863556e+00 -1.399219992327797035e+00 -4.734506392328336233e+01 -2.112032739900551519e+02 2.918423403043136091e+02 -2.451632030443303911e+00 -2.279373781226115980e+01 -2.580660873962298751e+01 -5.065045923483001644e+00 -2.367582047129425504e+01 -2.848230737066675999e+01 1.582284600793475438e+00 -3.416743152439021003e+01 -1.031374058439758024e+01 -2.492141804540736860e+00 1.926242719016490810e+02 -3.443556457391189696e+01 -2.925262767159186694e+01 -5.815484205055884814e+01 -5.483220079543056791e+00 -1.058243308006839634e+00 6.528171369518740619e+01 -1.499651799540852037e+00 -1.264134321288870133e+01 -3.676104453528394345e+01 -7.408319094179755204e+00
1.899175211901905058e+01 1.334762586868037602e+02 7.437477306836464663e+01 -2.817192731973843820e+02 2.433600014969363201e+01 -1.431102569951259973e+01 -6.982864691034959037e+01 4.106016560213310740e+00 4.856231196812377675e+02 -3.222245177478889389e+01 3.677054052912394866e+01 -9.467000780955497419e+01 -2.645959829520305107e+02 -8.677308896676682082e+01 4.337962653808864921e+00 -2.741501386948976204e+01 -2.159833501508276754e+02 -4.370458619332852379e+01 -1.510571031044788803e+01 1.040596810343982348e+01 -3.806168536783545875e+01 1.409121202417960239e+00 4.740047730327534126e+00 -3.705255148843985324e+01 -2.050666591082866219e+01 1.234859867904690295e-01 -4.522986466813437545e+01 -1.931226749263527438e+02 2.974378507051994234e+02 -5.613266285324545635e+00 -2.264703647333402614e+01 -2.489217570958037484e+01 -4.652973524279238937e+00 -2.531059414472288793e+01 1.055930722847159444e+02 -2.818626058984954241e+01 -3.626478291417849675e+01 1.429829973947620791e+00 1.975667420487277059e+00 9.350077063428366841e+01 -3.600150420701013587e+01 -3.349137262867483855e+01 -6.455024258347982880e+01 -7.178902348606547079e+00 -1.947769160920664433e+00 3.013203918199424436e+01 1.418118619147744752e+01 -1.543556755187569607e+01 -7.926725531560982141e+00 -3.464566965925105713e+00
5.319732520548360100e+01 1.510936040857409637e+02 3.717215156398208364e+01 -2.531778452160272650e+02 -3.468161448198080166e+01 -6.078000833467659447e+01 -8.971545953749621560e+01 -2.351869263015180067e+01 5.014734679250363456e+02 -3.765707450894755937e+01 1.180095126968395292e+01 -9.444408745331578814e+01 -2.769292904272774649e+02 -8.416907084628091695e+01 5.574968458315373354e+00 -2.438965294093667069e+01 -2.236159208199781574e+02 -4.649773740146498113e+01 -2.345890113180042746e+01 6.151233410455068196e+01 -7.865463421295538637e+01 -3.334383186380380781e+00 5.973844554382216288e+00 -3.235995383477926879e+01 -1.929738538606485676e+01 1.433789934714568171e+00 -5.448629645934429533e+01 -2.378846573982017958e+02 1.372496658149743780e+02 7.179289182377086576e+00 -2.679098499008984291e+01 -1.882498309102251710e+01 -5.809486887906409436e+00 -2.607549250361139315e+01 7.225083456618297362e+01 1.119882718721488146e+01 -4.084880822477244777e+01 -1.860350995520696316e+01 1.922432042062677926e+00 2.109171450094744671e+02 -3.815536748914567511e+01 -3.271191385823268405e+01 -6.663433972972349295e+01 -4.695031345628641439e+00 -2.983860031476368135e+00 4.866669404228883877e+01 1.541743719823116265e+01 -1.806117069414045417e+01 7.304295608228245840e+01 4.271574310174123035e+00
3.339259915362831954e+00 1.246156436481087155e+02 8.430331263425638610e+01 -3.581018181200011554e+02 3.798572517775380675e+01 -4.383638197482899557e+01 -7.606470206742743301e+01 5.591528756340491846e+00 5.308958832202634994e+02 -4.515132972719341353e+01 9.170508139362461009e+00 -1.093131711918800590e+02 -2.955795308551830658e+02 -6.566019267435746087e+01 -6.694265701903492349e+00 -2.696706226578456622e+01 -2.511053787240690838e+02 -4.471040416863320388e+01 -2.731895098936216471e+01 7.599184536985818283e+01 -6.877554762098232288e+01 -1.644962835205933782e+00 -8.850352197146720001e-02 -4.029862877542998234e+01 -6.483921676276477086e+00 1.343606377312327682e+00 -5.522996991941671752e+01 -2.272352788029232045e+02 2.942702076254596477e+02 1.157460807966308014e+00 -2.382902005219403563e+01 -3.996176247588016395e+01 -4.785791231900933695e+00 -2.897579233032543300e+01 6.567013399949027530e+01 7.171613393901307809e+00 -4.292946159651530991e+01 -7.786469858425082435e-01 4.207254606862857460e-01 9.351348355514252830e+01 -4.280222440145566054e+01 -3.554538753836435916e+01 -6.750878148775204579e+01 2.861020098153763680e+00 1.261780205831248614e+00 -1.274372240007579471e+01 -3.356107816342123407e+00 -1.874511343983598266e+01 9.538301474491284182e+01 -5.627737434873044009e+00
3.572171571097112519e+01 2.002858278038952733e+02 1.029659318954281844e+02 -2.770322050242972978e+02 -1.900984757694789140e+00 -3.878479504065189332e+01 -1.012351121790846378e+02 -2.958729733046614996e+01 6.230143744984807199e+02 -3.920696937997436748e+01 2.238890702837152691e-01 -1.183094375696599627e+02 -3.121659004504904829e+02 -5.218691017521597786e+01 -3.798044156825155948e+00 -2.394796690966676778e+01 -2.889934054927891793e+02 -5.474743352657085182e+01 -1.427008701346610486e+01 9.641467734732803763e+01 -6.181136394192067485e+01 -3.496592543275873766e+00 1.147913878486182249e+01 -4.390323532458578626e+01 -1.539273045846424282e+01 -2.324144641575352388e+00 -6.184015667268569416e+01 -2.092442243912671245e+02 2.530648770134772860e+02 -6.343722520197153436e+00 -2.809906937335571442e+01 -2.896735130377151890e+01 -1.888075420412317351e+00 -2.908588855552582686e+01 -3.415612307612024523e+01 -1.358993194932413218e+01 -4.615832930367967890e+01 -9.360788281659564447e+00 -5.591360897238591754e+00 1.487298259488384247e+02 -4.861962543929385561e+01 -3.825332584890873022e+01 -8.397135887962420497e+01 -6.491983755223702524e-01 -4.402670754026289046e+00 5.732672992529160183e+01 -4.467072239372066100e+00 -2.422680184780423218e+01 8.490497199989506782e+01 4.099258012104606053e+00
5.377424817517597688e+01 3.646090892394157379e+01 1.156359981029972346e+02 -3.769356520636546293e+02 2.014018163919254434e+01 -3.531401066155884649e+01 -9.233775947123589845e+01 -1.917360836753255171e+01 3.695010267177668766e+02 -4.431075730914464117e+01 1.677503468443019585e+01 -1.297932816660168385e+02 -3.352785411176168395e+02 -1.075940250978450052e+02 -4.325649672645421440e+00 -2.348840704641761334e+01 -3.214472302916100261e+02 -6.118016353711690414e+01 -1.326445215812572798e+01 6.388638855707430508e+01 -6.375262341752332418e+01 -1.097615206358961082e+01 9.893675557391297559e+00 -4.425900187367395944e+01 -1.810669268789028408e+01 -6.284576358619843539e+00 -4.620234218262979198e+01 -2.638723154179896255e+02 1.543109407476765966e+02 -1.192878849458391421e+01 -2.864760025111454311e+01 -6.072739086697831468e-01 -6.528536707414671625e+00 -3.336808626341147743e+01 1.041066908758764242e+02 -1.798999328463192882e+01 -4.830991231261386787e+01 -1.504324883160772330e+01 -5.723119641317893525e+00 2.197263040813038799e+02 -4.818639298717726405e+01 -4.489113997036515258e+01 -1.078967686834933062e+02 -6.878171680776521413e+00 -3.941413789588840810e+00 -1.883591698562172567e+01 3.438747797332462497e+00 -1.284704422731820195e+01 -1.548699772161470634e+01 -2.041646116102493913e+00
5.264498250494293785e+01 1.634884906940959581e+02 5.381397211347923104e+01 -3.515910644985928570e+02 9.640454428430618350e+01 -2.745624177429175106e+01 -1.026233688376449180e+02 -2.889155079863954967e+01 5.668582669054541157e+02 -4.782012248319579584e+01 -2.818715791255755221e+00 -1.344264104674289797e+02 -3.565793748554191325e+02 -1.130336858389020449e+02 -3.549860452639556296e+00 -3.792507800244953131e+01 -2.865259365603350830e+02 -5.497937498857152150e+01 -1.891407984146944798e+01 -2.472891033726823196e+01 -6.989447765707127758e+01 -6.094994282449890832e+00 -4.277766953781464210e+00 -3.207178257691488454e+01 -1.873405884785123732e+01 -1.276726065678849498e+00 -7.246567594078796049e+01 -2.093027552178423605e+02 1.510297393187969135e+02 4.143583680135547453e-01 -3.244550482483533216e+01 1.832051563029012442e+01 -2.891236997394418751e+00 -3.328690457980682993e+01 6.691547725460804941e+01 -4.448791290220477812e+00 -4.934349920540690704e+01 2.449861139099089868e+01 -1.890330953378096090e+00 1.125033662265324210e+02 -5.161086398002769471e+01 -4.621647340814478611e+01 -1.148509833574716907e+02 -3.856453554484277735e+00 -7.226562791898674121e+00 5.496925006069372444e+01 2.491677625478555314e+01 -2.463576606435811911e+01 -5.477437233356773305e+01 4.066556772198942404e+00
7.181064460990026532e+01 1.594519147809072876e+02 1.923070460953345844e+02 -3.866564572394188417e+02 -1.553339604484479075e+01 -2.478991850820153786e+01 -1.163937172279070182e+02 1.876578053824435699e+01 5.306076807347144495e+02 -4.611500674704255687e+01 -4.012049445956662197e+01 -1.516827763018019084e+02 -3.897459534302606130e+02 -9.152793261423016702e+01 -9.106532882882173441e-01 -3.694522483858632000e+01 -3.600708970693749507e+02 -7.230866629452147265e+01 3.197500744330479705e+01 -2.635237920052593452e+01 -7.276817597800796023e+01 -6.951835436159966797e+00 5.835252655054601334e+00 -4.450040322578036012e+01 -2.500532727975431513e+01 3.434250644369954975e-01 -5.078337029916421130e+01 -2.055494293103549808e+02 2.500208275116089283e+02 2.077414570063885080e+00 -3.233696149951105525e+01 2.307531321647902800e+01 -7.097192633070358525e+00 -3.500058488053596761e+01 -3.731405888577864971e+01 -6.310158142769240364e+00 -4.086232817333941369e+01 5.265837428531587250e+01 1.601095130341319450e+00 9.141913809884026421e+01 -5.612260420060614052e+01 -3.923636316510026489e+01 -1.109349199138436290e+02 -6.640000059043784653e+00 -5.155541873786216200e+00 5.197877380207506093e+01 2.544221342506144978e+01 -1.309725541848324681e+01 1.388118333180984791e+02 7.883299614612496953e+00
4.293417093251154171e+01 1.004767293449834256e+02 7.631880276756793080e+01 -4.834293568189806933e+02 -5.180970186030652513e+01 -1.227263307078992405e+01 -1.574376318643181776e+02 -1.514816944784697128e+01 6.627951508795484870e+02 -5.286825475555377807e+01 -1.387385349732475959e+01 -1.585004705030052889e+02 -3.910008985649470787e+02 -8.486342382436852461e+01 -1.343775001478922526e+01 -2.857618192132982315e+01 -3.260942341943153906e+02 -7.113359226387278511e+01 -4.871279626854775557e+00 1.148977828565823955e+02 -7.209829102290366620e+01 -7.086095254145430289e+00 -3.256936689448865163e+00 -5.268639697497145136e+01 -1.347841886988384985e+01 -3.182694236981203240e+00 -5.825235029210396220e+01 -3.154712422554914610e+02 2.927991939763265350e+02 -5.447489853322593056e+00 -3.654813603730172389e+01 -8.571852474601721283e+00 -2.816647295970742260e+00 -3.756755118398458393e+01 -4.014704120085379202e+01 -1.304918728913401438e+01 -4.802626692773829120e+01 -2.617686374317588260e+01 -1.897003746216521902e+00 1.942401272031293331e+02 -5.870851673275283389e+01 -5.535119455346554673e+01 -1.036220192824392257e+02 8.278834366717061855e+00 -5.463230382024495846e+00 5.003739375334161821e+01 2.602577482107865237e+01 -1.470286215517184303e+01 -2.353999789465116521e+01 5.227056834476803715e+01
1.030918358392817957e+01 1.327546717527162912e+02 2.483684883167976238e+02 -4.680265228414669423e+02 -6.472164850803153513e+01 -9.547771028958125683e+00 -1.109630724999782387e+02 -2.893437443707866308e+01 4.957421930182611050e+02 -5.767466993069191261e+01 -2.879082897713562872e+01 -1.605001209515945391e+02 -4.287655216765787145e+02 -6.933533347366342525e+01 -7.773456187061121625e+00 -4.052432964475676869e+01 -3.985826240170961228e+02 -7.263673194778816367e+01 5.533061552425824203e+01 -2.386351604346405253e+01 -1.172023994924726509e+02 -1.345987701153013694e+00 1.704916872811752171e+01 -5.387240942501214391e+01 -1.682691858323452649e+01 2.176921217928897700e+00 -8.447144587300317653e+01 -3.696588587563073816e+02 2.925281402937910684e+02 2.510206460040688370e+00 -3.309776745720368751e+01 -4.316626025834712266e+01 -7.221377738672360103e+00 -4.108805797104862023e+01 -3.851136802625801892e+01 -5.897791601568773956e+01 -5.322807795547500120e+01 -1.677085908619682186e+01 -3.334129151559791726e+00 2.169095975436250683e+02 -6.257299520836749451e+01 -5.480090553024587052e+01 -1.237743483186399658e+02 5.573371380531448871e+00 -2.581229929137515366e+00 4.612560665708880947e+01 2.339505944935609349e+01 -1.978158563106988055e+01 5.616159247530778487e+01 3.577452140857413809e+01
7.946714822629546404e+01 1.744192405396105698e+02 3.442586662882435888e+01 -2.876673369083924285e+02 3.874659986087147701e+01 -6.791036936620631081e+01 -1.477651551320266208e+02 -3.985403239416277188e+01 7.558705146063581424e+02 -6.032840739864439428e+01 -2.222479356120248273e+00 -1.703314020905827704e+02 -4.381428664357019898e+02 -9.776640803691273618e+01 -1.320221622433438036e+01 -2.219568276151889208e+01 -3.618530302251293165e+02 -6.811603957097030104e+01 1.090739478088431369e+01 1.202764866828593000e+02 -1.302961557982669660e+02 -7.958084022984679429e+00 -1.565497160299596402e+01 -5.090057168959850031e+01 -2.134411445912587268e+01 -3.894404883607046397e+00 -8.224645205796612402e+01 -1.992436280105433184e+02 1.259108897607656701e+02 1.386413744987101015e+00 -3.212652003991900074e+01 -5.876316225622191780e+01 1.425156554395997865e+01 -3.323800576517301408e+01 9.158941585421747789e+01 -1.813729789839500484e+01 -5.182922253180944239e+01 2.384789149040532408e+01 -6.361305310804592494e+00 2.016697229104725579e+02 -6.759963179091941754e+01 -4.973860066484996878e+01 -1.174189784681758084e+02 -1.686299159488974198e+01 -7.609563314743945206e+00 4.864998087638459623e+01 7.189167582660614286e+00 -1.960939498775942624e+01 2.871832941035126652e+01 -1.804593946808502380e+01
6.149437487608575026e+01 1.368709822094957360e+02 3.276014215299816783e+02 -5.123328428369705989e+02 -8.182237993090586770e+01 -8.101423141198777955e+01 -1.536077069350338320e+02 -5.699836434274079977e+01 3.689535112321160568e+02 -4.386711494679731516e+01 -1.217910715447222625e+00 -1.775728624233258586e+02 -4.754926397059017518e+02 -1.327362372770879233e+02 -7.309730325895460901e+00 -4.068516258543802167e+01 -4.460406982110702074e+02 -7.051701451307552304e+01 4.679579983362902595e+01 -3.918125565457401649e+00 -1.204403451194955750e+02 -1.159623039221451357e+01 1.424141984048964416e+00 -6.576467343257985476e+01 -1.100012537301642013e+01 1.691546157038848719e+01 -4.141580553375278306e+00 -3.607421803893485048e+02 2.942601732530753793e+02 -1.528288406517672726e+00 -3.405580472970772377e+01 2.412257261415178178e+01 -9.638315046270932385e+00 -4.099709773380119060e+01 9.343198111359355096e+01 -3.987828697462400385e+01 -5.069715866249756431e+01 5.665201798506575415e+01 -1.214950128935967433e+00 6.536027902621466978e+01 -6.641088483751472893e+01 -5.543093602654628427e+01 -1.393531195072119999e+02 -4.233132474386519739e+00 -5.719838724289765253e+00 -2.926700641680259452e+01 -2.197993174503095337e-01 -2.438304746447473192e+01 1.197842411520980477e+02 -1.587396632676380648e+01
2.495765127750406975e+02 1.541336587579588127e+02 7.887191258534258509e+01 -5.791252899995257621e+02 -2.231682750475786747e+02 3.125864490794401984e+00 -8.577424491245903937e+01 9.797266069354325424e+00 8.138414751944653744e+02 -6.885444913351065566e+01 8.017358362779958725e+01 -1.812223079799473169e+02 -4.769124756565392431e+02 -3.044563261292506340e+01 -2.593723023047432186e+00 -4.803142260761487137e+01 -4.370356047220044502e+02 -8.237791826359868708e+01 -3.296131913940727021e+00 1.427528778051309075e+02 -1.200749614864709827e+02 5.708287587572196564e+00 3.483723806716372717e+00 -4.782105855966791808e+01 -2.012136925366177209e+01 -4.111114207232112960e+00 -4.692870005843939651e+01 -3.584160201885641186e+02 2.870153795998273836e+02 -1.775165036747130287e+01 -4.604525939335128015e+01 -4.463804534242699873e+01 -4.534910402891473957e+00 -4.327247470452412159e+01 8.888729613317440226e+01 -2.709390084171408120e+01 -3.374155945861058825e+01 3.572298221254719408e+01 3.304735980418647578e+00 4.151046613668956553e+01 -7.421029001216041365e+01 -5.444735112084647710e+01 -1.357167524664716893e+02 -2.371579355535644029e-01 -4.112984732255298148e+00 4.348593319543414992e+01 -8.248127679012411395e-01 -2.236619607890300543e+01 -4.657165844091402818e+01 2.352563481420546054e+01
4.747957410418357682e+01 -3.288975368338908467e+00 1.095040135947524220e+02 -4.382934017102324447e+02 -5.010187650253905645e+01 -1.941263703228049664e+01 -1.438543058327768449e+02 -5.387337480693346237e+01 8.572451965967369460e+02 -6.585999418789793936e+01 1.149512461274744197e+02 -1.775423299574491125e+02 -4.988218646156431078e+02 -1.666730095729550101e+02 -1.102229177785776670e+01 -3.610635981268166717e+01 -4.050049661011674971e+02 -8.426842116682648509e+01 1.404434702130116008e+01 -3.547114246344590782e+01 -6.599520636584755096e+01 -1.359406677664980734e+01 -3.610584795181900120e+00 -5.103634146674388461e+01 -2.604483597232961856e+01 3.489302297129982744e+00 -9.734696595942284603e+01 -3.694306523336941268e+02 2.785697792337955434e+02 -1.264077168012730823e+01 -3.877582591830143599e+01 -3.650703201627235472e+01 -6.252887866802132599e+00 -4.649102702364482553e+01 -5.355746987688023353e+01 -4.491262291267495499e+01 -7.121315003764139817e+01 1.752841484694899421e+01 1.638487600234365793e+00 1.400867718669305191e+02 -6.778573975022179354e+01 -5.662105715083962565e+01 -1.522092955173995108e+02 2.971718380945651994e+00 -8.118370042079300575e+00 4.189767902224208740e+01 -3.419891952119093581e+00 -3.666593967993586034e+01 9.372886906831091380e+01 2.685789777402517586e+01
2.405289492139143803e+01 1.271440945912382006e+02 4.834562236279614353e+02 -6.303286525402439793e+02 -1.922030651276508095e+01 5.412758557809178228e+01 -1.815909604798006285e+02 -4.971045573391157291e+01 5.594168425153235376e+02 -6.167674357350605874e+01 1.399088061232519919e+02 -2.009170811560163656e+02 -5.143139831568172440e+02 -9.284651893179058391e+01 1.374333358759041168e+00 -3.047601991505479191e+01 -4.884226695531526730e+02 -8.872903548803519413e+01 1.768182324832531549e+01 5.104006316976397528e+01 -1.241777902784453715e+02 3.362057360207574419e+01 1.585058243888184570e+01 -5.231139815964337458e+01 -1.902333429502831019e-01 9.635238751812815750e+00 -1.046774161227269957e+02 -3.708700181581351103e+02 2.882762024208875005e+02 -9.969584380145365188e+00 -4.066874795459696657e+01 -2.158804426600064730e+01 -4.999663319815866203e+00 -4.910438188179121255e+01 9.239198511383060008e+01 -3.334804211650248362e+01 -6.838217298717077597e+01 6.771439397665028004e+00 1.046342008072446284e+01 1.847209203795443102e+02 -7.867889586683787684e+01 -6.892730232500593957e+01 -1.501498833903912384e+02 9.876888711132421506e+00 -5.825731236076864938e+00 -3.361250378316158560e+01 -2.363680677417710374e+00 -2.498723854490487994e+01 -1.804918119974336932e+01 -2.076370159225916723e+01
1.092891756366122564e+02 1.158397633404970719e+02 1.295578602048793755e+02 -3.294251085296852466e+02 -5.249112912778836204e+01 2.693991390797381769e+01 -1.621712646462294174e+02 -1.900620335779774450e+01 7.392521691658370173e+02 -7.994639627529768688e+01 1.380326983582213245e+02 -2.060392706573034047e+02 -5.533631206521812373e+02 -1.312394683108835238e+02 -4.197873735319396893e+00 -6.709205823137776292e+01 -5.055743046136536236e+02 -8.416568713555619752e+01 -2.927654120433268403e+01 1.337647599966037149e+02 -1.378347342775851132e+02 -1.741054854949280539e+01 -5.694868510471191136e+00 -4.429195215995049750e+01 -1.477744811407622194e+01 -3.755415842695077000e+00 -8.487769096389575907e+01 -3.941412137889292921e+02 2.891700759534152780e+02 -9.824706822113528304e+00 -4.303705428697522706e+01 -3.436465724321150361e+01 -1.153011260765047297e+01 -4.410574251023902548e+01 8.325487251219858820e+01 -8.224657198217288112e+01 -3.225893639003992064e+01 -1.094642054228127437e+00 -8.904319905170522631e+00 1.900079167523932995e+02 -8.093681054288930454e+01 -6.969938632303745862e+01 -1.658275052163940018e+02 3.484202900271877468e+01 -9.226100697657384941e+00 3.699862410455328643e+01 9.839072224199277628e+00 -2.367110919542620096e+01 -1.749139076383109170e+01 -2.087378000913011178e+01
2.445192653713198538e+01 6.760450219169318586e+01 3.607977970339177176e+01 -6.015711508534645873e+02 -7.869082402098611340e+01 3.999108448053708287e+01 -1.401916750444574404e+02 -3.307993383375252705e+01 9.088414159525124205e+02 -5.267031036690485735e+01 1.385128227167945170e+02 -2.074947224412210858e+02 -5.676353219787096123e+02 -1.205949608039556722e+02 -1.589171698879353478e+01 -4.621586148067936506e+01 -4.632304751862529884e+02 -9.022292624313737974e+01 3.126733794183505211e+01 -1.949849062756528184e+01 -9.984544121191616739e+01 -1.020717596869851995e+01 -4.987181071317721148e+00 -6.196220280938248948e+01 -3.274062923639923639e+01 1.774240988250209483e+01 -2.606343212272445697e+01 -2.509780839169121407e+02 2.471325624317227039e+02 -4.355097107768528097e+00 -3.421921478147652351e+01 -3.764357785491549890e+01 9.685453030394310048e+00 -3.828812194149153214e+01 6.274930901887235990e+01 -4.250651986061910748e+01 -7.540893273820542220e+01 5.074062762020245287e+01 -6.033380383260635860e+00 2.160379065716782350e+02 -8.367204055678644181e+01 -6.891762414087189370e+01 -1.679924854171898119e+02 3.738822444204624418e+01 -3.993717302634080202e+00 2.230290892283819559e+01 1.823342185140745286e+01 -3.981218146452196294e+01 1.091668841930655844e+02 -1.680374384114654518e+01
2.606157121453275067e+02 1.172760575749043994e+02 4.525880214854062160e+02 -4.488758874571183810e+02 -1.941294128719721073e+02 -1.046825968321347311e+01 -1.718385825298524594e+02 -1.724198733222931423e+01 9.790314516899504724e+02 -1.408376375822204629e+01 1.116162365403401111e+02 -2.182266268100042055e+02 -5.870118497321756195e+02 -1.327271299158411182e+02 -1.942481981466648300e+00 -4.974367900156021705e+01 -5.112113233444043772e+02 -6.917198644148945164e+01 8.740443100766521312e+00 4.794945735938137688e+01 -1.433353246479325094e+02 -4.097883657868496954e+00 1.845023539740242358e+00 -6.846156596539526618e+01 -3.653856443296256629e+01 -5.763910350174073827e+00 -3.180516042143629107e+01 -4.920208971578715023e+02 2.878537378709131076e+02 -2.390027185538111887e+00 -4.749778091816438774e+01 7.223624365801288150e+01 -8.083662858695690900e+00 -2.938286036562405812e+01 8.125226824062627884e+01 -3.752218129676681713e+01 -4.128979246615637777e+01 6.336637855398893748e+01 -8.497695106439440593e+00 2.571181454672380937e+02 -8.708251811794971786e+01 -6.284325681012764164e+01 -1.806644882753408865e+02 -1.481642781961535782e+01 -7.673473783664732650e+00 3.426880700685652670e+01 1.739399536859857776e+01 -3.151340109505808940e+01 1.060835499052592041e+02 2.519492084889265726e+01
7.122443538354571047e+01 6.061102816575515817e+01 5.252086827645632638e+02 -4.882242689881508113e+02 -2.216644651780826791e+02 -3.071231847006005156e-01 -1.817512479993109196e+02 -4.872889449107771753e+01 4.991917548505044806e+02 -5.198089221733238219e+01 1.685147753828298676e+02 -2.239147049322557166e+02 -5.769751360489174203e+02 -1.079690730371856517e+02 -1.501301093723818258e+00 -3.347242139821126017e+01 -5.712855367574555885e+02 -9.714983153986531761e+01 -3.041186806562398814e+01 1.285744611960104180e+02 -9.862640502393632858e+01 -1.913442000061289150e+01 3.415059973777296420e+00 -6.349904981429951079e+01 -2.675258986939345718e+01 1.058383185459737419e+01 -4.849106582961867673e+01 -3.678584241355655422e+02 1.721626757293110757e+02 -8.549075452158032107e+00 -5.444777258524455021e+01 -7.392004729976819988e+01 1.603880352117341346e+01 -4.372305892868042321e+01 3.259434902466490058e+01 -8.347481662523804857e+01 -7.618844400044100951e+01 6.328066226333005773e+01 8.968837355283007184e+00 2.843677456377962471e+02 -7.569171563132974256e+01 -6.645283884028302168e+01 -1.308557755768867139e+02 -2.147376468403273009e+01 3.726446178950520771e+00 -1.174325175998189419e+00 1.863735102909216224e+01 -4.354211472957414486e+01 -8.976922636740057726e+01 -1.937971850007316421e+00
4.496032044437969688e+01 9.576031112912407650e+01 9.003920823965204079e+01 -8.732906762864793109e+02 -1.578372705611269851e+02 1.394869297167740818e+01 -1.822428161451528865e+02 -5.326880968404478267e+01 6.930369723833987337e+02 -9.028520429031085825e+01 1.774735004034878614e+02 -2.396786110349967771e+02 -6.531986909713248224e+02 -9.358040252465504238e+01 -1.517213627943328902e+01 -6.740399317792008560e+01 -5.556418816647272934e+02 -9.701136765397008332e+01 -3.652557838268526069e+01 8.221723136709736934e+01 -1.510869178759618592e+02 6.327052329852698875e+01 -8.267351665688604356e+00 -8.777911598905895119e+01 -2.652577243040693844e+01 1.386793969528005022e+01 -1.240092882328932404e+02 -2.778837150927272432e+02 2.842287937364348522e+02 -9.216237739036751364e+00 -4.643543360510111029e+01 2.519663361928897505e+00 -1.380147300056814430e+01 -5.725860740256675996e+01 7.980483340703436568e+01 -5.195301584648517235e+01 -4.704485021434224734e+01 6.074251976094758732e+01 -1.340624853643396897e+00 1.136620528413641580e+02 -9.698035046322135599e+01 -7.467305294687368189e+01 -1.862215509439490404e+02 -7.760950083665109744e+00 -1.012999772820121258e+01 2.760059969333053331e+01 1.475693658223100435e+01 -2.751506580259905732e+01 1.316416813922303959e+02 1.999203976464351129e+01
1.798527838561199701e+02 6.172673209723608778e+01 3.686038103307193126e+01 -3.002518835645710737e+02 -1.454545153028868754e+02 -1.787968287440457260e+01 -2.026441624778722996e+02 -4.832271849805346875e+01 9.144212871395370712e+02 -9.139838376156157551e+01 1.740037931593392670e+02 -2.432153415889131622e+02 -6.524483980767471394e+02 -1.801413328392165170e+02 -2.039710874224597958e+01 -4.135759050064853426e+01 -5.418615177882169291e+02 -9.372044851699953938e+01 -3.723861340277092147e+00 -2.396719742533390729e+01 -1.497267340949050833e+02 -6.078711191413558090e+00 9.662516280811749292e-01 -8.852864381326081400e+01 1.625203308131398572e+01 -4.528696635800246284e+00 -1.281718522031515874e+02 -5.426514835516001085e+02 2.746261522930185492e+02 -8.022038363615363821e+00 -4.984893364212003775e+01 4.166232280654453035e+01 -1.454932040648238534e+01 -5.879163004751860910e+01 3.736343912820800028e+01 -4.582511978403007191e+01 -8.521688294577272416e+01 4.761717485316385989e+01 -1.200470095429103345e+01 9.610977005946061524e+00 -9.781158781339377128e+01 -8.507211297903518243e+01 -1.997881252392384397e+02 -1.262420011777570039e+01 -2.717360046662841366e+00 3.266189839755186597e+01 1.470277145770175586e+01 -5.031071642069446881e+01 9.409670356557703030e+01 -3.121596793344424015e+01
5.110904794802780060e+01 9.396931495314422023e+01 2.649382936822064494e+02 -6.230705022975741940e+02 -1.809308108225496312e+02 -9.920166950181740617e+01 -2.157460458606848022e+02 -5.466302749669588934e+01 1.160679773475240609e+03 -8.473936412959884024e+01 1.606092037032017288e+02 -2.638003920021009208e+02 -6.699675054656630664e+02 -1.018242648817190883e+02 -2.618106339873324728e+01 -6.004592292159652089e+01 -6.078803389207574810e+02 -1.137198490950905381e+02 4.682413973089373371e+01 7.523306120142522957e+01 -1.259805136811254869e+02 -2.310822492476425438e+01 1.494429779396988778e+01 -7.422863671781470885e+01 6.290231498548779498e+00 7.193123554662605557e+00 -1.365252535673000125e+02 -4.101023286429891641e+02 2.365517435787979537e+02 -7.368359925856903914e+00 3.372546042476499650e+01 -7.651062969374541467e+01 1.699705001966554008e+01 -6.156267956156813170e+01 -5.603720048799823417e+01 -5.818454427195976564e+01 4.453716869112635379e+01 1.286484015596152730e+01 9.355383014813309472e+00 3.768650242760082847e+01 -9.046099055697013114e+01 -7.647384540175087864e+01 -1.803693529568886049e+02 -1.374463980625865833e+00 -1.291758439702713446e+01 2.513654365770833010e+01 1.307117109059555027e+01 -3.781078042736513822e+01 1.255013032818146002e+02 2.660655381226084515e+01
1.935093126202974645e+02 1.001518010735782411e+02 6.994769731235842301e+02 -8.755558476979749685e+02 -1.184099458658729276e+02 -9.736578007601389473e+00 -2.151420453830587860e+02 -1.789360016144102872e+01 9.643047509116860283e+02 -8.479730635228096958e+01 1.611752529212391494e+02 -2.574490818437618600e+02 -6.704686872050887132e+02 -8.608687490160504296e+01 -9.728795957072009060e+00 -4.984402863397571792e+01 -5.924085988643452083e+02 -1.172109378841704341e+02 -1.685733329982425088e+00 1.113631835810925708e+02 -1.610151708294326340e+02 1.868295565723356688e+01 -3.425730056926465039e+00 -7.548588216381605775e+01 -8.858477429530468683e+00 7.375886473837191204e+00 -1.040331014224756103e+02 -3.339897715169851153e+02 2.732416056647833784e+02 -1.028808412601489053e+01 -4.377305479813519895e+01 -1.369485750995702134e+00 -2.398840102141694519e+00 -5.976532200610668610e+01 8.478407299183669465e+01 -6.492382652032813439e+01 -9.070068803658804768e+01 7.893491124260354930e+00 1.238599438375738870e+01 1.195264839634163394e+02 -7.804633859650498096e+01 -8.061131230559607275e+01 -1.687836814435299004e+02 6.730510396743591528e+00 -8.041541320716502739e+00 2.567524174125251335e+01 1.472811979137480876e+01 -4.500603167418947237e+01 -9.776141391344638976e+01 -4.284958147103854742e+01
9.264363073886821098e+01 -4.072255145952873789e+01 5.417937240394113587e+02 -1.570147853208433730e+02 -1.445678918295626545e+02 -1.107689634315250515e+01 -7.072921798865840515e+01 -4.819111939270707978e+01 6.764707486113135246e+02 -6.568722844437877484e+01 1.854126149392515117e+02 -2.994418659652824317e+02 -7.495716597567874260e+02 -2.565325532905778800e+02 -2.128978102398605543e+01 -5.218392748741412390e+01 -7.072730230058415373e+02 -1.003421486874680539e+02 -2.403010230891101884e+01 1.397511461942500830e+02 -1.222921213955482642e+02 6.523595409957236768e+01 1.381394394522103575e+01 -9.755868301038650259e+01 -3.854325487308422993e+01 -1.243310622550946576e+01 -5.698294888875250308e+01 -4.395302879072408473e+02 2.760711061185793369e+02 -9.518141026421700346e+00 -5.340939393258509682e+01 2.203392972980061586e+02 -1.011447703242182072e+01 -6.018081015358491470e+01 7.737883546171624971e+01 -7.282183217598300473e+01 -6.501273287279340707e+01 2.890625691700278388e+00 1.003715195151881484e-01 9.668803476251378015e+01 -1.143633295585532039e+02 -8.032613240863614124e+01 -2.226794590059752750e+02 4.538419889387718342e+00 -3.415180669645489608e+00 -5.615487918883867735e+01 1.716545054098478218e+01 -3.423850091215602021e+01 4.340730907219487733e+01 -5.513135724388605752e+01
5.306551770884399133e+01 7.343642371804547508e+01 2.239367339802662684e+02 -1.875934686279851746e+02 -1.969420969121444500e+02 -1.195470294467702956e+02 -2.312162909522842824e+02 -9.438257245808611628e+01 9.408905685929070160e+02 -1.033031527566533470e+02 1.696500169188879568e+02 -2.872750827803623679e+02 -7.691959909925229795e+02 -1.557311303466557888e+02 -8.157343648428723171e+00 -5.425389437229149792e+01 -6.729280793949949384e+02 -9.248298602081199249e+01 1.965838187233886813e+01 -5.341861139811311432e+01 -1.281899248733238039e+02 -2.487321562320421720e+01 -1.155510498901924166e+01 -9.745159440074492352e+01 -3.438231009879051925e+01 1.658361529502814236e+01 -5.648532918851832818e+01 -6.264147129818542226e+02 2.797442051284760396e+02 -8.379863785497473572e+00 3.577699955624883188e+00 -9.139330890407212848e+01 1.042081543760424189e+01 -5.417239989753367269e+01 -1.021809055421068990e+01 -6.675452203974796817e+01 -5.403611207155120866e+01 2.405775928524727192e+01 6.436053671118172836e+00 1.191182691381311969e+02 -1.162328519900031552e+02 2.307902100832015719e+02 -2.204842190988279071e+02 7.337505183025731625e+00 -1.379388004261718237e+01 2.049067049050432132e+01 1.970697614899003014e+01 -3.771268808156562358e+01 2.599328678901641183e+02 5.900461984607866128e+01
2.231895724421540308e+02 5.216640426290541654e+01 -1.313357641488285310e+02 -8.660550392725630218e+02 -8.827613636804528596e+01 -1.232024183286573447e+02 -1.935940969004018086e+02 -9.339043815202083465e+01 8.614013857346753866e+02 -1.047770791592566155e+02 1.571194379338415388e+02 -2.862502298025909226e+02 -7.635831644964328007e+02 -1.159149709230498928e+02 -9.469331694778167829e+00 -7.662803559335347359e+01 -5.533111841766101406e+02 -1.081957982304495403e+02 -5.139522447243946024e-01 -3.119973138864580520e+01 -1.763326263139326784e+02 -1.962185126208706265e+01 3.715448868993217246e+01 -3.677155740886826152e+01 -1.998855032950645949e+01 1.719527225292796047e+01 -5.621917377454079201e+01 -4.782425264257043978e+02 1.272727931278624709e+02 -7.984027275144913283e+00 -1.663310027559798243e+01 -1.622366108712110844e+01 1.603401232385886743e+01 -6.042890206656812069e+01 2.502588702843597801e+01 -6.155311747235516862e+01 3.917927282795887578e+01 4.408440719316875800e+01 3.301926965931506430e+01 1.312204561050054110e+02 -9.111243389456616626e+01 -3.351447157895931639e+01 -1.076040254708111803e+02 6.232452332353197022e+01 -7.869464695718464853e+00 2.171097450266108453e+01 2.092621788753190515e+01 -5.687739720329327753e+01 9.424935818063765680e+01 -8.422401782422291205e+00
1.820191605155753507e+02 -7.773457427618778581e+01 -6.057386612786361368e+00 -5.821190557568916120e+02 -1.510073381949652571e+02 -5.621205179544986663e+01 2.091330949726149129e+02 -8.136211222300953239e+01 9.827173848060090222e+02 -7.091854271185903258e+01 1.774357057946608904e+02 -3.173474295342228402e+02 -7.930657116035247327e+02 -1.779846760994834085e+02 -2.794472982394278660e+01 -7.790978697843290490e+01 -6.871149771494665401e+02 -1.293731705243766328e+02 2.032378323860260849e+01 1.123948552422263418e+02 -1.416798927058206630e+02 4.329782596258057481e+01 8.085096891346839953e+00 -2.426964911119448942e+01 -2.702019753684299275e+01 -1.274083799789515936e+01 -6.845741141662482221e+01 -2.674651362538418766e+02 2.748698140506389791e+02 -8.508588470386666103e+00 -5.963713122297645697e+01 5.557727273721584282e+01 -1.195756414241083121e+01 -5.222110454908842314e+01 6.375439313139205666e+01 -3.753619229123826528e+01 1.127489663772753481e+01 8.166610835662471857e+01 1.338458282429594082e+00 1.449774144298436340e+02 -9.203222515233539980e+01 -1.021948246453896019e+02 -1.888073549453504256e+02 6.951011754589522695e+01 -6.422623518402172493e+00 1.582194896480627655e+01 1.837235036156965506e+01 -4.418049475432815143e+01 1.153141373945771306e+02 -3.552583117275109714e+01
6.790143338104104487e+01 8.725353074647539131e+01 3.922499741129716995e+02 1.584573581283048611e+02 -3.749008841706060480e+02 -5.484014455137339894e+01 -1.655392353395937448e+02 -7.175771732151359572e+01 1.156106281944328884e+03 -3.965570801639671572e+01 1.396241645266657372e+02 -3.123440293065260676e+02 -8.010330062188290867e+02 -2.073327577711120568e+02 -1.835758848153823664e+01 -6.184879869308003464e+01 -7.144512493731069753e+02 -1.129753007632877768e+02 4.857044688538224619e+01 9.255281651173892499e+01 -1.390913747498841815e+02 7.796731897161942015e+01 1.776371948891960173e+01 7.959775049359821608e+00 -3.948229799536098028e+01 -1.202048610501016590e+01 -6.883747411382229586e+01 -4.078786225450726306e+02 2.701268101390574543e+02 -8.292427554678683421e+00 -7.032234276502528303e+01 2.109149554327057956e+02 -1.710148821660824225e+01 -4.395909520927288128e+01 -7.683400146912515538e+01 -8.534657431305747366e+01 -5.798934586592157103e+01 8.964765271001307667e+01 4.817586070447558377e+00 1.847040787722279731e+02 -1.226555551034838913e+02 -8.540618100566469195e+01 -2.502810575296124114e+02 5.412118099392464643e+01 -1.357469563694989745e+01 1.200270722385990574e+01 1.897526767483481436e+01 -4.149065463360557970e+01 1.027461408830795904e+02 4.462798826037139577e+01
2.214152447591086741e+02 7.422197993370174629e+01 7.445045751818954614e+02 -1.010913626661004798e+02 -4.487572791321828731e+02 -2.418643438315585570e+01 -2.755182018312193009e+02 -8.339748776678929687e+01 1.025557843325846761e+03 -4.271207275725986818e+01 1.595005175177066974e+02 -2.995744516084726001e+02 -8.027593727440048497e+02 -1.807012480989567678e+02 -2.044096375020392209e+00 -3.131283538025443747e+01 -7.195272422696428976e+02 -1.068092229289983806e+02 8.079460664552536642e+00 1.010214877409930949e+02 -1.823022144924451879e+02 4.829609180061668638e+01 -1.750768016406772531e+01 8.490740684743380839e+00 -8.001637623934673371e+00 1.358182960953074669e+01 -7.498693928014833432e+01 -7.028716569496276634e+02 2.669945980226601137e+02 -1.362437503148854745e+01 6.528634347934870163e+01 -1.004233926470861462e+02 1.006623896189566736e+01 -4.451802363647460226e+01 5.853108060781346467e+01 -7.884810059802030935e+01 -1.143952553583946639e+02 7.408946398179949711e+01 -1.236603333497640289e+00 2.205944207996808188e+02 -1.267802319372054995e+02 -9.735084774047599865e+01 -2.501172115550539274e+02 4.572049014541295975e+01 -1.290267906635027018e+01 1.264071806804576781e+01 1.853566903993419501e+01 -6.108829190579631785e+01 -9.378684571712685170e+01 3.565417334801643534e+01
3.251141616101924114e+02 -1.406122295805042768e+02 8.130330291841349890e+02 -1.144952774232767069e+03 -2.928037317677431588e+02 -7.854289558599229792e+01 -1.865584081832772938e+02 -4.876439975753407907e+01 8.456264514890199280e+02 -1.413199098715524471e+01 1.606916721880656382e+02 -3.412399796633163191e+02 -9.042846052858112671e+02 -1.417739059957625045e+02 -1.628899799746475807e+01 -5.614656330592585221e+01 -7.806267851392454986e+02 -1.256767253210963844e+02 -1.094713128821754999e+01 1.199233993653453751e+02 -1.645830652054961547e+02 -2.798798312664768773e+01 -6.030945228504463351e+00 -1.782423152007033273e+00 -8.659509810147039133e+00 1.254127765445426590e+01 -1.462555865588611539e+02 -5.732444582858863669e+02 2.705403294738256363e+02 -1.908453186261535350e+01 7.206166675139107802e+00 -6.889304886996372090e+01 2.704846135000506635e+01 -4.273655806592957873e+01 5.986671331592705059e+01 -9.123947136221049448e+01 -7.223260646565481125e+01 5.805086285262630952e+01 7.639592294700862318e+00 2.004979801421668810e+02 -1.301004870114627465e+02 -1.133249382501912805e+02 -2.675839891664672905e+02 4.509070505530676343e+01 -6.879559524474114340e+00 6.787649097752584737e+00 1.811963071872045106e+01 -4.369416047571314010e+01 2.415760087108404264e+01 -2.753030330153240968e+01
1.589594954567046159e+02 1.221820216584463736e+02 5.468725201080877696e+02 -1.153650641885944424e+03 -2.596053779601541009e+02 -1.139657628380186054e+02 -1.887212916146588952e+02 -4.805325287431107029e+01 6.555841205887303431e+02 -1.505769352885923951e+01 1.684480493846725437e+02 -3.418413168563355384e+02 -9.271555329719463998e+02 -2.087238242853015606e+02 -1.709274089682829967e+01 -7.180650214647623386e+01 -8.204582281942326745e+02 -1.347567546878227915e+02 1.405508655192001122e+01 -2.519545049595278741e+01 -1.829557627495460679e+02 -2.740431174385427227e+01 3.658978944865646898e+00 -6.130672878293037531e-01 3.975770285784199665e+00 -2.088641463092326234e+00 -1.692176628154047648e+02 -4.200553365195482343e+02 8.970522776108366259e+01 -9.595104552930253661e+00 -6.140566947233581629e+01 -2.690964150478514938e+01 1.881255177870370332e+01 -5.193775875265225039e+01 6.552649361304162312e+01 -9.151034033723720995e+01 -7.144636566387660537e+01 5.637925539639485351e+01 -1.268398016648914828e+00 2.243644805842185690e+02 -1.102326822578092447e+02 -1.062305146669848170e+02 -1.105518121826380451e+02 4.551581657757128596e+01 -4.425112084003903767e+00 1.143837012615153581e+00 1.469846880082987894e+01 -4.528222917607021714e+01 7.249410984611722597e+02 -3.371938146933703706e+01
2.297931171444526655e+01 5.607188742184069952e+01 1.866460108998671217e+02 -6.619731078038618932e+01 -3.660517541925493106e+02 -8.315121387466980707e+00 -3.294462310619028358e+02 -6.231812812731516260e+01 8.391542589301809585e+02 -5.034440033015255977e+01 1.503784994472204630e+02 -3.325211282766904333e+02 -9.212695434185178556e+02 -1.873012164852898422e+02 -2.249660472099422392e+01 -6.985447478103328933e+01 -8.585567276599603019e+02 -1.477309436395892135e+02 7.823822883463365940e+01 -5.703735848617295545e+01 -2.097195870528363741e+02 4.952656299247551885e+01 7.868415868664857271e+01 -6.946787073747370478e+00 9.692691523538718101e+00 -1.374006289292399252e+01 -1.539001532122126719e+02 -4.978943620929126155e+02 2.641194817955434928e+02 -7.831080809423290212e+00 -6.631078561563127494e+01 2.103815506837725309e+02 -8.303062186627796493e+00 -6.003011664228920097e+01 -7.771665486324728533e+01 -1.108671896068257894e+02 9.689675728411847899e+01 5.701517367923727164e+01 -6.182023044208360574e+00 2.110378430404200003e+02 -9.826683623267179257e+01 3.028511882897479381e+02 -1.702632052481036453e+02 9.858693289153523054e+00 -1.330992301635086505e+01 6.418325838487170643e+00 1.565886970735581230e+01 -4.864958250116539773e+01 4.982249477072665513e+02 2.735241372732308918e+01
2.043070679638342710e+02 3.741832528752509290e+01 -1.199983466000016818e+02 9.602933167392760652e+02 -4.023547501769082828e+02 4.587010259520634037e+01 -3.176150769883731755e+02 -4.697682961792390444e+01 1.315824980368958222e+03 -7.926482557240107951e+01 1.508495951395099439e+02 -3.155154009458670998e+02 -8.925259401818200331e+02 -2.490573088852126489e+02 -7.024261130544312337e+00 -6.601312544851802500e+01 -7.893132937654519310e+02 -1.219334815004734764e+02 4.028861220286486144e+01 1.836953437653007271e+01 -2.669014080300202636e+02 7.438248381376548934e+01 4.490415946715060613e+01 -1.938950792561823988e+01 6.062746791902779542e+00 1.532642158729198067e+00 -1.215822060239273270e+02 -4.984448429551441109e+02 2.632480595502846086e+02 -1.031188986873091018e+01 -8.247700586216137708e+01 2.040860903911004414e+02 -1.594946189384140212e+01 -5.831630192954686720e+01 1.987918927506173006e+01 -1.009808088317840102e+01 4.534865497186073213e+01 5.650877656531377369e+01 -1.770016549926457472e+01 2.108860634988178049e+02 -1.068490329343091219e+02 3.009482574357502358e+02 -2.443170652783129242e+02 -1.498852479431995022e+01 -1.054926153151301627e+01 7.627409384832907868e+00 1.120638474782747629e+01 -6.379073403495474537e+01 1.626166684133422109e+02 -1.558016858351291223e+00
3.290927388391177715e+02 -8.552788472246717788e+01 -2.059044297584742651e+02 2.818965819323811957e+02 -3.332254618506967745e+02 1.647440817207710850e+01 -1.686134515900152735e+02 -1.316860594072856259e+02 1.244196334001416517e+03 -1.250923797468048093e+02 1.642666963122782988e+02 -3.665985631491828940e+02 -9.490581997853595340e+02 -1.925836261328333876e+02 -1.577742109783664759e+01 -5.735551454030088081e+01 -8.310026767780698265e+02 -1.274301388516287687e+02 5.403831037396913217e+01 1.171422970127472496e+02 -2.476432665478281194e+02 7.223110454538537795e+01 3.753614020097219672e+00 -4.162111653048704341e+01 4.124256453524240307e+00 8.409254854164016635e-01 -1.119298957790378779e+02 -4.204719133649048786e+02 2.648091796953689254e+02 -1.549087083795827802e+01 3.611775297884032199e+01 -1.225159674430763204e+02 1.000519407918467074e+01 -4.146092731467781789e+01 6.060051724996780109e+01 -5.677723676964782840e+01 -4.537559748494686573e+01 5.275306292410828490e+01 1.214408566449679050e+01 1.595202739787821429e+02 -1.517033232935016542e+02 2.406728858668346902e+02 -3.062131684846686994e+02 -2.523373476799424253e+01 -1.395306683588236751e+01 1.193886050705511570e+00 3.559497155155746384e+00 -5.646597497310816038e+01 9.584610324120717451e+01 -1.955713119057385185e+01
2.992711007738861326e+02 8.322267669445974070e-01 2.198842925690652450e+01 -1.164547765631030643e+03 -3.779513859106803579e+02 7.638136261044706110e+00 -1.829482995369365312e+02 -1.455221841246050758e+02 1.492488582701703535e+03 -1.239943717151277269e+02 1.512917994830329462e+02 -3.486759066197040511e+02 -9.369749966328433857e+02 -1.559176730998609344e+02 -1.629400294157854034e+01 -7.987522372894321165e+01 -8.314254507912341978e+02 -1.293758992409277653e+02 4.997668350450015851e+01 1.097038208307704110e+02 -2.376081490674085330e+02 3.876767533530723853e+01 -1.384297225281570398e+01 -5.633492604432709783e+01 -1.536665928397308711e+01 7.644546226873194072e+00 1.872831994215834683e+01 -7.061346728672900781e+02 2.658889190196254617e+02 -1.567281388017851285e+01 1.034030385943352215e+01 -9.336901102059472635e+01 1.691784979010871126e+01 -8.135847212581091981e+01 6.088948875917173353e+01 -1.125207491750064008e+02 -8.166214288437394941e+01 4.891826097924972316e+01 4.262959708640267742e+00 1.359636410369613486e+02 -1.488516518618446867e+02 5.273486256586295440e+01 -3.019791655588263097e+02 -2.648526710932102546e+01 -8.235316206604780476e+00 -3.472521736568149553e+00 -3.110963206664621783e+00 -5.123151142062869212e+01 9.047905650421608925e+01 -1.041268784526477589e+02
8.140375160379640818e+01 1.525514124693472411e+02 4.450216811080887851e+02 -1.255489060511252546e+03 -2.739859711637640771e+02 -7.062439326064412626e+01 -2.394973331806267254e+02 -1.524802804104881204e+02 1.094956343757772856e+03 -1.281082172025283228e+02 1.239972694911820241e+02 -3.739873456997914332e+02 -9.192860092167138646e+02 -2.137281748739863474e+02 -3.177926395874864340e+01 -1.083376447579254886e+02 -8.072318248373060214e+02 -1.498384123044521914e+02 4.691146692244310401e+01 1.175528526199539954e+02 -2.378553043008969610e+02 3.641897317684412627e+01 -1.739828614245137572e+01 -7.834209293166148314e+01 -4.214157126916249041e+01 2.803604485052006101e+00 1.355883807255967781e+02 -7.941341305823061703e+02 2.642078401725976846e+02 -2.168431948369132556e+01 -6.682415939831616924e+01 -3.896583899690153174e+01 1.191906786329423795e+01 -7.448561124640704634e+01 6.090624106607887711e+01 -1.056349237882537864e+02 -8.490657688004448289e+01 5.497571315457553709e+01 -1.195136248375179200e+01 1.069167821559336673e+01 -1.420963741797056628e+02 -1.262709040332297548e+02 -2.936546001024912584e+02 -1.233077760882381035e+01 -7.344868952292687325e+00 -8.212691447835740632e+01 -3.763271852888945723e+00 -5.114033635655089682e+01 7.708830134133143019e+01 -9.108205359629401698e+01
8.769511022331987249e+01 1.046746233549003691e+01 8.081342970438528255e+02 -4.424449592213250071e+02 -3.024333797412127183e+02 -1.103937785263169928e+02 -8.021478241778163465e+01 -1.296193165016418618e+02 1.091882013699676008e+03 -1.345621077867040754e+02 1.535784621461210691e+02 -3.670229732929437887e+02 -9.208668030591359184e+02 -2.121031379023359023e+02 -2.963503004712501365e+01 -9.148568106131028799e+01 -7.992000678250246892e+02 -1.664852552767797249e+02 5.654918612477413120e+01 9.620120915357216518e+01 -2.353956409550878277e+02 -3.148334885402338656e+01 -1.826879662889435707e+01 -8.377204568277549868e+01 -5.512732086566339262e+01 -1.178777083983461083e+01 1.968200792374544221e+02 -6.656073459578414031e+02 8.180375818619457107e+01 -2.868996704804352760e+01 -5.800921084829004570e+01 9.321409081125193552e+01 1.379386241763176280e+01 -8.026792426586199269e+01 -8.676037225424300914e+01 -1.108196819015864492e+02 -8.453595385007187701e+01 4.950997150997150698e+01 1.541400185831022229e+00 -1.594880122809272471e+01 -1.150091859558435914e+02 -1.375472178359620727e+02 -1.140755298450861375e+02 -1.271327385460658022e+01 -1.594973055445655952e+01 -4.055874522490452883e+00 -4.751464257475213060e+00 -6.678578074193958969e+01 -1.184957715252689638e+02 1.554326420657616659e+01
3.055772419859139859e+02 -1.417684814267324782e+02 7.738645193618900748e+02 6.504014747192796904e+02 -4.022915274491118112e+02 1.332392650920710864e+01 2.752399923089716935e+02 -1.303148990441061983e+02 1.379812707362977335e+03 -1.349481865209623948e+02 1.638516153233404964e+02 -4.006948030079265095e+02 -1.072782702284838933e+03 -1.651897022679347913e+02 -3.463153579805339177e+01 -6.991121932519732241e+01 -8.451426415127192513e+02 -1.816335503430815095e+02 3.578898216549573874e+01 1.044318230242732142e+02 -2.684233600139443183e+02 2.296315072289528025e+00 8.778222339698444898e+00 -7.808475502119526368e+01 -4.978087851866583691e+01 -1.426904180361283991e+01 2.455354113559004361e+02 -4.659134604041032048e+02 2.578916268149678217e+02 -3.479662018241717902e+01 -6.679994188266969957e+01 1.932735640560693184e+02 -9.245309468338382075e+00 -3.331401506118177025e+01 6.134783812053431262e+01 -1.328853895980135746e+02 -8.794609181200274861e+01 4.205387472938713245e+01 3.724240496213917595e+01 -2.165565293136690173e+01 -1.325901687679987049e+02 -1.234918900792776526e+02 -1.939595020023189704e+02 -1.081960358284882240e+01 -2.357142216141195945e+01 -1.782027610380875515e+01 -1.167593672074623790e+01 -6.132197396363608988e+01 -1.224802930860386851e+02 1.127313969086089607e+01
