# Historias completas obtenidas con el método de alfa-Feynman
#
# Cálculo de [cov_12/sqrt(mean_1*mean_2)] en paralelo
#
# Fecha de procesamiento: 20-11-2020 13:59
#
# Valor de dt [s]:
0.0004
#
# Número de historias:
50
# Tasa de cuentas [cps]:
# [promedio desvio_promedio ...]
[13695.491278604577, 275.44168396752065]
# Cada columna es una historia
#
2.140776544914830737e+01 3.142639282228476105e+01 2.541599947538794879e+01 3.932278889312893710e+01 3.417107425842344526e+01 4.951288763833442630e+01 2.154987557958430244e+01 2.962446625278797896e+01 4.174405216414784547e+01 3.462338999835002795e+01 3.326267694107830408e+01 2.450974490395573469e+01 6.983816735870092884e+01 1.954665903666011317e+01 2.981822312644877471e+01 5.214017371475014073e+01 1.810258443540637074e+01 3.343902891114162657e+01 3.373175565163884215e+01 7.018698264674370080e+01 1.827206081852498443e+01 4.362928606657224151e+01 3.311935612555252817e+01 1.417267025199887875e+01 2.921633815597099826e+01 7.057756767528171338e+01 1.558752518888713823e+01 2.231674599160005457e+01 4.446247644298885149e+01 6.269634333128341552e+01 4.789486423270921733e+01 5.854594716895801554e+01 3.402901077996159529e+01 4.871541398150709767e+01 1.310205770209183811e+02 3.754412988513677618e+01 2.921078500046703397e+01 4.142546641823584253e+01 4.974290819564301813e+01 6.171259833073396095e+01 6.220917803085497155e+01 9.253856501801888612e+01 4.110790342838514988e+01 8.924314513507941626e+01 6.773861907850498199e+01 2.995340123380103847e+01 3.449528944688523779e+01 1.662692374740581513e+01 3.710770119656533694e+01 1.593424235865604288e+01
3.636455687101561551e+01 5.680270909793305378e+01 4.521572979878637710e+01 7.439030003569605753e+01 6.238694887283563162e+01 9.183292184127040514e+01 3.784093778625014437e+01 5.281174581053033990e+01 7.896332927571508264e+01 6.237726469288547548e+01 6.238706837801003502e+01 4.306456800940748053e+01 1.344230453799887925e+02 3.578930804588205916e+01 5.378206940080416132e+01 9.722250699994182810e+01 3.074574212060893075e+01 5.843916332537884983e+01 6.363409545654191390e+01 1.352296274123120554e+02 3.337685295069586999e+01 8.475540868299755459e+01 5.912792309825276504e+01 2.328326303996834312e+01 5.330868096605318840e+01 1.362983747506074508e+02 2.704023648260820067e+01 3.847080845235167601e+01 8.133656435953652419e+01 1.139331299040977257e+02 8.961634209247552008e+01 1.044130781462972237e+02 6.136623211253928645e+01 8.812476263597137915e+01 2.569251277480871067e+02 6.594456310404034127e+01 5.301186234058500446e+01 7.747158151397105996e+01 9.273014566357902311e+01 1.166010622677005415e+02 1.213310425912432606e+02 1.730145811972547278e+02 7.599301262597879258e+01 1.729567894507412973e+02 1.303142779203614054e+02 5.390304559380074778e+01 6.332160222960146712e+01 2.705179519695660062e+01 6.782305777408978997e+01 2.387703303071278782e+01
4.910002851696756920e+01 8.424362184721461233e+01 6.207465946594658845e+01 1.016530029473534569e+02 8.755054405054418964e+01 1.312973342200110665e+02 4.144389404404752497e+01 6.805496695085744818e+01 1.137235753764055630e+02 8.837731838937301632e+01 8.480485133020351896e+01 5.788412502436814577e+01 1.913617531244653378e+02 4.876921461080637954e+01 7.579721846280756381e+01 1.395139350101374589e+02 4.234126342332943693e+01 8.588264773153990461e+01 8.874309815247787014e+01 1.967774381368263050e+02 4.162399108138239257e+01 1.086111581985266241e+02 8.031377963011236432e+01 2.962499767852165533e+01 7.732392194193234047e+01 1.916006717511921238e+02 3.275492289442465932e+01 4.942535276428412772e+01 1.108020908110229072e+02 1.583271890071888777e+02 1.226216018820885552e+02 1.482396892872386900e+02 8.271630895420366869e+01 1.308898960535586298e+02 3.737752071827536611e+02 9.441125198309535449e+01 6.955023882233179222e+01 1.075873153779322280e+02 1.285543951626997057e+02 1.682963679468942644e+02 1.747798726484557221e+02 2.554963374577058062e+02 1.075224674151503166e+02 2.533479593229594968e+02 1.887289820549468971e+02 7.017173887564950974e+01 8.521519112695580134e+01 3.708201424565066162e+01 9.493650589496266434e+01 3.437821085102523710e+01
5.867721118460571006e+01 9.564967183371288684e+01 7.747920792079210628e+01 1.338987574781408227e+02 1.126362808801834632e+02 1.534183234269317779e+02 5.246265304926869533e+01 8.939726884097073878e+01 1.343254944553318637e+02 1.094021873259830215e+02 1.099221246612466132e+02 6.550245996022201211e+01 2.258254834412754803e+02 6.275039233284521600e+01 9.021145819284649292e+01 1.743876416883517777e+02 4.441099923666900651e+01 1.051788986040803593e+02 1.134512112999918259e+02 2.559875208577412877e+02 5.069919787551292956e+01 1.543834301200155608e+02 1.007343655272116791e+02 3.267467218083826452e+01 9.687873019117829188e+01 2.536311455389232492e+02 4.775344041245288906e+01 5.758867925994118764e+01 1.321580325677002179e+02 2.104510119875973544e+02 1.512315220993936862e+02 1.857377625100197065e+02 9.825332844305887647e+01 1.459911372660239408e+02 4.949076935142342109e+02 1.185986644204322573e+02 8.240123106657432572e+01 1.392491859323457959e+02 1.558098086404985168e+02 2.118517063918861822e+02 2.302420141381427925e+02 3.139361188966415170e+02 1.327809473448973847e+02 3.336193824278485636e+02 2.478931998848338196e+02 8.246267617217709756e+01 1.048515608820837883e+02 4.005861935466647594e+01 1.141501859204640681e+02 4.179327199260016101e+01
6.383695729159288135e+01 1.081865976545385735e+02 8.294387755102039250e+01 1.475757571977444798e+02 1.195444811031865981e+02 1.861112574061882867e+02 5.391289358017025535e+01 9.867067374895174225e+01 1.785167335085050979e+02 1.234097176404809062e+02 1.189632108843537139e+02 7.136366821406670624e+01 2.684551960716026997e+02 6.792248860709335645e+01 1.077628798861101558e+02 2.148413016201053267e+02 4.983083150615621548e+01 1.187785170736220124e+02 1.434938775510203754e+02 3.153755681311822627e+02 5.260720432751417519e+01 1.431926960257788437e+02 1.077173953433792661e+02 4.103623022242607021e+01 1.160239039565537524e+02 2.957648395964707788e+02 5.266248037676609073e+01 6.788840204669762102e+01 1.743680142176650634e+02 2.520676227247658119e+02 1.727772176105002586e+02 2.202011210117850908e+02 1.108126131655670150e+02 1.579037657214047101e+02 5.955675188237310067e+02 1.364810149312694136e+02 9.665098481252958607e+01 1.627760997535416152e+02 1.975686376108434388e+02 2.424545127297006104e+02 2.793637350806960740e+02 3.549312659048948149e+02 1.494880182037971963e+02 4.100648031310195734e+02 2.945538997295770969e+02 1.039314698642102854e+02 1.315001146526025764e+02 5.312145959451984822e+01 1.121507267845568521e+02 4.371069289991444862e+01
5.962854105509851621e+01 1.291853974976874326e+02 8.931313692344836852e+01 1.517464664687415734e+02 1.221785243431584291e+02 2.210255003931778219e+02 5.979654830316528091e+01 1.102249608059831445e+02 2.057352118659067344e+02 1.364106114266622285e+02 1.305713171304248306e+02 6.869188793389005809e+01 2.945949634835330926e+02 7.239041610570146190e+01 1.265754271664367678e+02 2.564219335773828448e+02 6.226257129859680362e+01 1.179891466620261724e+02 1.303464939793119584e+02 3.723111154010015298e+02 5.417782853413820021e+01 1.538810196222262618e+02 1.231387471754373450e+02 3.779997010388899525e+01 1.182477078278636355e+02 3.526127731393660838e+02 5.590501403234672750e+01 5.621688233103703425e+01 1.934491198989659893e+02 2.633187358089796248e+02 2.041589534522228462e+02 2.085371212641704233e+02 1.157943058866678854e+02 1.842224989364720784e+02 6.825691857613167031e+02 1.411996823795778653e+02 1.031905369635091745e+02 1.829980504757263020e+02 1.862240203111374512e+02 2.626852860562744922e+02 3.237238610373782990e+02 3.419668435804160822e+02 1.602641945931654277e+02 4.583693213030103948e+02 3.268617731246394555e+02 9.467392329703271514e+01 1.389801131834846899e+02 3.706637901759853548e+01 1.283736177554702635e+02 4.627460201548126406e+01
6.814197889368936956e+01 1.330466585835532385e+02 9.623263083451203670e+01 1.674853381208857286e+02 1.254169194704908961e+02 2.561777622919085502e+02 5.830145124716550953e+01 1.260817251241909105e+02 2.219593970405200025e+02 1.577836712328766566e+02 1.308900994708994574e+02 6.585352803022564672e+01 3.770869168684423016e+02 7.989458191518717456e+01 1.305219663365132874e+02 2.594115732368895806e+02 4.840592283628777182e+01 1.471372719935432087e+02 1.816014264102009861e+02 4.367581175920147416e+02 6.278925943621592154e+01 2.044014035087719208e+02 1.632211625051167800e+02 3.878178899751934239e+01 1.343059791962882628e+02 4.284849435052987587e+02 3.846181384248209412e+01 6.407384133042529584e+01 2.056889515793368446e+02 2.150240669240668012e+02 2.334730327144120281e+02 2.724611428571428178e+02 1.188838668098818658e+02 2.418001453488373045e+02 8.087779745860603953e+02 1.301802023757148845e+02 1.120794112218530501e+02 1.952046481320590487e+02 2.700193141538207442e+02 3.301799390367810361e+02 3.727518855317622410e+02 3.750955990220046488e+02 1.945536308832475925e+02 5.048375606011636592e+02 3.770850563760519663e+02 8.873765117564001059e+01 1.367662348272642419e+02 3.988562045507860176e+01 1.133691413815364939e+02 5.414426005132591513e+01
7.825925534595286592e+01 1.548076737352987209e+02 1.002303197532867785e+02 1.653900402103309659e+02 1.276331729856320010e+02 2.648298663727786106e+02 5.800590636443582326e+01 1.513994195788492334e+02 2.078327170583848158e+02 1.618096564114081559e+02 1.637024893746205123e+02 1.080299022022092430e+02 3.999980550152820342e+02 7.798406163680431291e+01 1.608398379482745213e+02 3.006297097797408924e+02 5.592120886369747979e+01 1.394348407052273444e+02 1.501365457857261276e+02 4.933909191781804111e+02 7.123837426207559531e+01 1.897544023994410907e+02 1.692079428266934258e+02 3.959165424739195061e+01 1.391996152822265458e+02 4.592008623895627579e+02 7.253338664534187785e+01 6.257357467906292925e+01 2.092940895509715062e+02 2.930578151922414349e+02 2.090563745724732314e+02 2.437830062341261055e+02 1.469415752495994241e+02 2.071511389630193491e+02 8.544570133361446551e+02 1.790218747520789293e+02 1.013674122082432945e+02 2.170000284855649397e+02 2.751538694389525403e+02 3.573873189842128681e+02 4.073140187684907687e+02 4.599974214063353202e+02 1.909735788224392934e+02 5.716540057081400619e+02 4.284876847418885291e+02 1.091605258886544618e+02 1.725543462154990664e+02 4.237295754932839031e+01 1.377967551997289206e+02 4.776915676843035641e+01
9.217455333370060089e+01 1.853290804533939991e+02 1.044856985698569645e+02 2.556370551480576978e+02 1.241986662364203227e+02 2.668208688493317595e+02 5.204071405272363648e+01 1.422621668032626587e+02 2.906776379477251453e+02 1.916256722475900744e+02 1.465710288065843372e+02 6.462769564987021909e+01 4.658278557283106807e+02 1.078704303008510266e+02 1.653492603620208570e+02 3.625261034090148087e+02 5.870676461585551920e+01 1.461453777162126357e+02 2.136800411522633567e+02 5.397757864305352768e+02 7.881771530566712158e+01 1.559687180915251474e+02 1.378341940407105142e+02 3.116271327507282507e+01 1.534922103874434640e+02 4.685568624776971092e+02 5.982675349342016347e+01 8.082139680506637092e+01 1.893200364495281178e+02 3.054136914692470555e+02 2.402237095629246824e+02 2.174242044861763361e+02 1.293078529657476565e+02 2.695350721360896387e+02 9.483876538087719155e+02 1.928940704893190912e+02 1.322072686381472124e+02 2.162672877047334339e+02 2.476404650466970452e+02 3.818054897002264738e+02 4.233021576040529226e+02 5.784311932144045159e+02 1.795084240260391937e+02 6.107339024016160920e+02 4.978820746389861824e+02 9.052700517205488495e+01 1.539528829703611166e+02 5.697948811588911866e+01 1.521849451525407346e+02 4.478842315369261939e+01
8.071796939619518696e+01 1.691678119273696268e+02 1.173020110670630629e+02 1.691082925835370645e+02 1.384558009874020854e+02 2.909893487109904981e+02 5.625097446236559762e+01 1.631614725095263623e+02 2.929193086479510839e+02 1.809265532817108806e+02 2.074744340648477703e+02 7.342021340009536345e+01 4.795789383921074887e+02 1.015677792179736372e+02 1.763295744680851271e+02 4.082462498115484095e+02 6.429988704819277245e+01 1.301162742470648084e+02 2.245852713178294096e+02 6.120442942942943318e+02 7.595564876957494960e+01 1.844315219231419576e+02 1.671505253448829080e+02 4.693437713894592633e+01 1.535709140911472161e+02 4.025947887900173328e+02 6.533297720797718000e+01 7.849335748792270806e+01 2.078752161694768006e+02 3.141435608368880139e+02 2.893531790820165384e+02 3.156878698224850837e+02 1.547491766757070195e+02 1.993725267055110351e+02 9.720962253224080314e+02 1.934620943952802179e+02 1.464400699912510788e+02 2.411565942028984750e+02 2.438937301128145521e+02 4.186875414888572209e+02 4.596880234505862290e+02 6.284137960320695129e+02 2.313343049617826068e+02 7.539270242424242952e+02 5.195176259088254938e+02 1.249552114912660130e+02 1.473998899304076815e+02 5.662230587540596360e+01 1.595177684165045946e+02 5.991421568627450256e+01
5.498713210438544507e+01 2.151795488585304668e+02 1.349885238523852138e+02 2.566099410980218067e+02 1.309029305641115855e+02 3.581580250868676103e+02 5.867544945046945770e+01 1.685370246192164529e+02 3.275398222300447060e+02 2.217612702366126598e+02 1.380375757575757518e+02 7.412348809988294818e+01 5.771059571827487389e+02 6.928684907325680342e+01 1.729855767371717832e+02 3.823590128226204570e+02 6.402960863329006713e+01 1.627416801181440178e+02 1.540020661157024904e+02 5.891005111155220675e+02 7.257009857612266046e+01 2.588885850991113102e+02 1.991108158731541380e+02 4.781544247376729118e+01 1.578259440925758383e+02 6.046174091327511633e+02 4.225324675324676349e+01 8.879702646057114634e+01 2.739147561729303106e+02 3.708292383292383079e+02 3.234929474237353020e+02 2.708951984635083932e+02 1.523492822966507276e+02 2.198228395877378318e+02 1.196956205033427750e+03 2.174295484541854364e+02 1.615314482029598651e+02 2.765952926309136615e+02 2.652947463673083348e+02 4.929497607655502520e+02 5.074212564097239806e+02 6.219664369859970066e+02 2.898880266075388477e+02 6.891796178261262185e+02 5.653252664875637947e+02 1.324271312345242109e+02 1.546115083418454219e+02 6.190983790244266061e+01 1.321528898839333124e+02 5.950517147523137140e+01
6.832617866004960661e+01 2.111474288567148960e+02 9.263411793855303245e+01 2.663869193154034178e+02 1.465944333499750201e+02 3.065501763907734585e+02 6.229247397918334173e+01 1.833515384615384960e+02 2.609186350435625741e+02 2.202470734400883998e+02 1.592616740740740795e+02 6.361723891273250331e+01 5.567048813868614161e+02 8.219141283214517557e+01 2.068058297872340461e+02 4.653303934871099159e+02 5.912439759036147535e+01 1.887861722306525110e+02 2.447389843355230710e+02 6.671006823144108466e+02 8.055000000000001137e+01 2.661387468671679244e+02 1.807101296207393659e+02 3.725520939734421688e+01 2.240028548978523020e+02 4.383825713409020750e+02 6.866617826617826381e+01 5.367998551424434339e+01 2.420786431347150369e+02 3.596547184170473201e+02 2.926000000000000227e+02 3.238323189630882553e+02 1.196534099472494290e+02 1.885507101238165433e+02 1.129713862669847686e+03 2.059113938053097286e+02 1.302073233959818594e+02 2.438366311902692871e+02 2.887006635891518727e+02 3.406011664295874084e+02 4.861520095912309216e+02 6.592419894007340417e+02 2.245031746031746138e+02 7.191584667532092681e+02 5.462467207895574575e+02 1.126124729320052040e+02 1.494773617021276948e+02 3.778416886543536179e+01 1.632640635126377617e+02 6.059951980792319404e+01
6.829543475056614454e+01 1.808313745597820059e+02 9.927294621354029402e+01 1.646626577677922398e+02 1.186312882225291219e+02 3.107347922604089945e+02 6.691891891891893351e+01 1.878430495827756488e+02 2.262646974176499555e+02 1.801219696408736866e+02 2.303679519519519943e+02 1.041243088582144622e+02 4.043787720140763327e+02 8.678190958294655388e+01 2.066291054985227618e+02 4.226088656468403997e+02 6.332367307066103024e+01 1.791693046543707908e+02 2.411592683592683386e+02 6.695335182343915221e+02 8.134103983501574930e+01 2.279541827541827672e+02 1.446730157906345937e+02 4.489926289926288661e+01 1.882962354706723431e+02 5.887602232487164429e+02 6.091931491931492104e+01 6.100005217572784488e+01 2.444716999291295849e+02 2.924948741845294080e+02 3.310077610555698584e+02 2.236444461362771676e+02 1.193629997052336336e+02 2.055448617221873349e+02 1.232284842045655751e+03 1.866653228692063919e+02 1.695977063739030086e+02 3.022110033578323396e+02 4.171684003680540513e+02 4.543190650109568764e+02 6.177972386636465671e+02 4.243462411066321920e+02 2.890180284814431388e+02 7.570651823754581073e+02 5.605181211746097460e+02 8.810665667833271186e+01 1.580905937703904556e+02 4.888776151566850103e+01 1.568460527929096031e+02 5.521495084520293517e+01
8.364092833163043395e+01 1.482790957462445078e+02 9.879268932548245630e+01 1.589330145261038467e+02 1.440250255362614666e+02 4.443643546971027263e+02 6.854055977229600671e+01 1.896158698645489551e+02 2.689166334491200701e+02 2.252234187922957176e+02 2.180033493824575999e+02 7.282596987292771473e+01 6.979429359905166166e+02 7.655930006480878092e+01 2.162305381727159670e+02 4.842812674594940177e+02 5.914918497519489904e+01 1.860369336095846506e+02 2.003331350740498635e+02 8.300592892357598203e+02 7.344275562574023297e+01 2.705141158545693543e+02 1.791629960935288466e+02 4.306280951805774038e+01 2.242468801035342949e+02 5.507443459740447906e+02 6.310306686777273910e+01 6.871270247229325889e+01 2.875135233081559250e+02 2.684361938559701457e+02 3.065522506971186090e+02 3.399166956723518069e+02 1.588945233265719992e+02 2.643553189666252479e+02 1.069633794395260566e+03 2.091697032795419489e+02 1.449659757603828893e+02 3.040023017902812512e+02 3.156396059146829316e+02 3.701735419630156230e+02 5.402779539408269329e+02 6.770884870866403844e+02 2.005465581491049534e+02 9.314884278074862323e+02 6.970461803571930659e+02 9.401571854380553361e+01 1.636540765432717706e+02 4.565695826603447927e+01 1.858597461019404307e+02 5.482501235788432581e+01
8.845212568170551037e+01 1.665150399400898777e+02 1.172606435643564140e+02 1.632915265892420678e+02 1.319842691190706603e+02 4.351322343453510371e+02 6.975765612489992407e+01 1.778703898840886097e+02 4.143121672313649242e+02 2.435169863013699398e+02 2.130662777777778274e+02 9.104358905579397288e+01 3.931094283276451051e+02 7.868786407766988589e+01 2.015636697150148962e+02 4.639412861663652734e+02 6.429752066115700870e+01 1.836874527767283212e+02 2.456552083333333201e+02 7.253965611353712575e+02 7.706475903614455092e+01 1.808236842105262951e+02 2.065762757546717694e+02 4.584480337078650791e+01 1.766819669984284360e+02 6.001652922675667696e+02 7.051877289377289060e+01 7.985491714697408838e+01 2.756353593395920711e+02 3.453806869369370247e+02 3.190513956495285015e+02 2.894738028169014115e+02 1.520777725563910110e+02 1.505007721656976685e+02 1.465009237890260920e+03 2.439082710074791009e+02 1.852328609496124443e+02 2.778264009556907581e+02 4.028385025966531998e+02 4.614865042674253459e+02 5.546657056405571211e+02 6.528821057457213328e+02 1.800762195121951379e+02 9.453899667999430676e+02 7.412798796472831100e+02 1.131315661478599282e+02 1.474720661672908761e+02 5.890021569433034898e+01 1.812926928062215950e+02 5.150479041916167233e+01
8.690345397454966303e+01 2.362670327841570952e+02 1.384090429042904304e+02 2.826930817610062832e+02 1.153847490347490208e+02 4.857815126050419963e+02 6.182599412863623911e+01 1.982283105022830512e+02 2.531395288802839616e+02 1.678107031963470206e+02 1.733040395061728418e+02 1.115274201239866585e+02 7.145765725047079968e+02 1.051557994404992513e+02 2.011272933503473439e+02 3.720777576853524806e+02 7.059751614505714201e+01 1.459976100628930453e+02 2.471865656565656479e+02 7.696903566229985927e+02 8.039045069165551638e+01 2.204001336675020468e+02 2.110663479923518366e+02 4.080149812734082104e+01 2.148478784704033444e+02 5.638403433476395321e+02 7.297617886178862534e+01 5.426469182990921070e+01 2.913022337325996318e+02 4.255989589589589741e+02 3.389677058353317989e+02 3.461457840375586557e+02 1.796355388471178003e+02 1.863237403100775396e+02 1.565097749196141422e+03 2.297696436427628726e+02 1.463439491817398448e+02 3.149584419345496258e+02 2.696131371417581022e+02 3.845933617828354159e+02 6.536833523461860977e+02 6.539868785656069576e+02 1.971842818428184216e+02 8.800779608065888624e+02 6.742708591392729431e+02 1.170739560912612802e+02 1.772791837852643368e+02 5.438801313628899692e+01 2.565882859603789825e+02 5.705461077844311291e+01
7.778791208791207623e+01 1.649965409029312582e+02 1.140206254864501716e+02 1.551187565490743623e+02 1.634548577036310064e+02 3.136968986237642980e+02 7.091112890312250272e+01 2.044258952129664522e+02 2.980744364541557161e+02 2.356295279912183958e+02 2.129502857142857408e+02 1.045485898221949839e+02 3.408522799982937386e+02 9.531589667623369166e+01 1.783974600473962084e+02 2.917390967241713611e+02 7.826081110154902376e+01 1.507311083464055628e+02 2.135883838383837485e+02 8.077341508109793722e+02 7.886732644865173825e+01 2.213409953455065704e+02 1.906604142377065614e+02 4.231519042754997884e+01 1.708733068921648623e+02 5.288372419234647168e+02 6.490798883656024998e+01 8.195270270270269464e+01 2.239666789992137979e+02 4.042857577073382345e+02 3.166296369987177854e+02 3.111896780684105579e+02 1.203449739429431133e+02 2.536017323899697544e+02 1.379000192629691810e+03 1.832727560050568627e+02 1.275876224357789113e+02 2.876604350254437463e+02 4.578540722116889583e+02 4.488137370453160315e+02 7.256182592242194005e+02 6.768546687623703519e+02 2.494078314252529935e+02 8.039429287760951865e+02 5.986341216830244321e+02 1.168914805419785665e+02 1.471031610942249301e+02 6.201225189904435098e+01 2.714410239792611037e+02 4.686889041330818628e+01
8.742794910008025511e+01 2.302975000000000705e+02 1.371861423935865503e+02 2.505251081436900620e+02 1.479796012014016640e+02 3.962074261886302793e+02 6.213167618407794635e+01 2.134425694066412973e+02 3.795889865217067154e+02 3.087315567664211926e+02 2.125010106172896940e+02 7.033641465830308448e+01 5.910379514384819686e+02 9.808754175183209156e+01 1.972599469496021527e+02 4.724014521729981197e+02 7.304620129292449349e+01 1.730304480984805764e+02 2.660604479065238479e+02 8.059606982313156323e+02 7.918527204502814243e+01 1.653450360188788864e+02 2.098995974955277575e+02 3.561965811965811923e+01 1.471456662771487629e+02 5.659465293686969289e+02 5.946413137424373474e+01 7.559030100334447866e+01 2.663356551914904458e+02 4.176058486967577892e+02 2.877591588267847555e+02 1.992914397309319554e+02 1.400595706618962595e+02 2.696094739201075754e+02 1.455198160101489293e+03 2.109139891082369331e+02 2.007057849936947775e+02 2.725312763214439542e+02 2.666872566253532000e+02 4.528842186466828252e+02 7.015472663046344906e+02 7.065497017268447735e+02 1.857655062625777305e+02 9.386542553191488878e+02 8.758135105340519431e+02 1.188799452932150729e+02 1.453267148615784663e+02 6.059374786703979510e+01 2.862960191559413943e+02 6.603721188558735378e+01
7.865891918691126250e+01 2.191762356465302162e+02 1.219957227722772473e+02 2.858949633251834257e+02 1.353361362530413601e+02 2.987355706153429651e+02 6.646008006405124036e+01 1.984641095890411009e+02 3.309424588576961241e+02 2.392098191780821139e+02 2.315427792592592766e+02 9.900114449213161549e+01 6.719575415088843329e+02 9.253386908619572182e+01 1.660504296044236696e+02 5.289250632911391676e+02 7.086638554216865771e+01 1.467158260869565254e+02 1.890454949494949233e+02 8.459017030567684969e+02 7.431330655957162890e+01 2.587972731829573831e+02 1.646404224675947887e+02 3.781025536261490316e+01 1.364795809324253639e+02 6.671350230131943135e+02 6.733841269841269650e+01 8.068494208494209374e+01 2.599454062803496299e+02 3.914447186932850968e+02 4.507394422310757136e+02 2.776480676056338552e+02 1.284008424219631479e+02 2.516426744186047131e+02 1.781544901981121939e+03 2.101858075904677605e+02 1.507148253557568296e+02 2.983320243266725242e+02 3.388722215810732337e+02 6.178156927453769640e+02 6.360163507650148631e+02 4.155721923390384518e+02 2.095196283391405245e+02 1.105625496641417612e+03 7.201777099236641106e+02 1.432046427024685897e+02 1.778324438797120024e+02 6.204916943521594419e+01 1.739558263123784911e+02 5.939860744297718043e+01
7.285974683544303332e+01 2.240567202600405210e+02 1.176995444292096238e+02 2.822503454874029671e+02 1.696228249016167808e+02 3.853157301905361010e+02 7.402466960352424508e+01 1.813600439077935391e+02 2.760197455857224327e+02 1.747104748569634580e+02 2.557207782231594706e+02 9.896977047956707452e+01 4.950082808780356345e+02 9.930298913043478137e+01 1.927514020767393959e+02 4.701146023626841384e+02 7.738226464735049603e+01 1.677839037927845141e+02 2.707689906347554256e+02 1.180143232292025687e+03 8.499630496366542332e+01 2.843053348467649926e+02 2.123736963955735177e+02 4.021901161220631593e+01 1.333682864450127852e+02 6.898228811861350778e+02 3.289496340938441676e+01 7.309807886754296646e+01 3.300727876006995416e+02 3.240114551880087106e+02 2.892542361992259430e+02 3.065117255089643891e+02 1.641969789753010787e+02 1.823260332796564569e+02 1.785052581719101681e+03 2.462220125543960023e+02 1.449981729326658524e+02 2.878823529411764639e+02 4.294303907380607939e+02 5.924613575226775311e+02 6.942544777531088585e+02 6.518552972493345123e+02 2.955331986486256142e+02 1.033608283535957071e+03 7.464323167395112932e+02 1.212634983073926378e+02 1.826880415944540346e+02 6.372720585388516668e+01 1.814388481084132536e+02 5.145973944435723979e+01
8.514006395614437395e+01 2.335117507742757255e+02 9.808287841191068424e+01 2.796295287841742265e+02 1.129487710986082334e+02 4.880128525791832317e+02 7.614369243091709905e+01 1.697418421315237538e+02 2.668391913319238711e+02 2.313558844256518796e+02 2.537613274694751624e+02 7.091344778254651260e+01 4.113863179074446634e+02 6.750806308701045566e+01 1.831960989202368637e+02 2.950978988392781730e+02 8.173362014246421836e+01 1.576565148584490998e+02 2.743411764705882092e+02 9.844861897665176684e+02 7.381117397454032414e+01 2.177307692307692264e+02 1.932608272506082869e+02 5.301346801346800675e+01 2.494107338444687798e+02 5.931519991065445083e+02 3.861637653127015568e+01 5.314402748414375566e+01 3.443333232992172270e+02 4.748244319941439358e+02 5.088728934685058221e+02 2.643344623200678143e+02 1.715575898684164144e+02 2.491864026895778181e+02 1.661637872344438847e+03 2.857144295031806678e+02 1.591215020032922212e+02 3.009423722292286243e+02 4.264205236153138117e+02 5.675921764352345917e+02 7.111890609390609370e+02 6.969077922077921130e+02 2.657412232437613397e+02 1.346137007939476916e+03 7.504371225397192120e+02 8.086181818181817960e+01 1.546271506752234188e+02 4.397158584959117889e+01 3.040724321133411081e+02 5.672092768843672417e+01
6.781551183347589529e+01 2.453659700353086350e+02 9.894926149119696390e+01 2.553792059611130298e+02 1.616180146679062375e+02 5.006969685177256224e+02 7.773417243549404532e+01 1.912021917808219484e+02 4.216124031007752819e+02 3.304143674071731311e+02 2.356157666323654780e+02 9.380386947339734149e+01 7.055871425390463401e+02 9.878967996790422035e+01 2.093006547872448380e+02 3.913459311996806491e+02 6.632014481510213955e+01 1.401880445795339369e+02 2.790965889902059871e+02 9.226367941712204583e+02 7.269997654234106221e+01 2.706252587991717746e+02 2.717954692556634200e+02 3.886909660983734938e+01 2.126275038040360243e+02 6.931145431145431530e+02 4.474857142857141667e+01 8.271573709309556932e+01 3.580624646159653253e+02 5.275648103309119961e+02 3.090315785826880415e+02 3.252654597260864193e+02 1.735839015466489172e+02 2.406483840404252703e+02 1.361363521863469714e+03 2.456717468749340867e+02 1.758335935467083004e+02 3.463933488012374369e+02 3.310533801943353751e+02 6.028239189928843871e+02 6.322158933612354303e+02 6.054273663751214372e+02 2.966478868001711362e+02 8.969061704971751396e+02 9.894543221110099012e+02 1.151170333643218555e+02 1.729115469487924486e+02 6.623945094051853744e+01 1.794050398369464006e+02 5.479216090768436942e+01
7.969160804020097544e+01 2.389581162324649029e+02 7.827002481389575905e+01 2.034918704156479521e+02 1.181164495114006456e+02 3.626813402342685890e+02 6.251709251101322451e+01 1.969807903402854947e+02 4.073829941860465169e+02 2.929418604651162923e+02 2.331189051559516940e+02 8.325171673819743035e+01 7.166408450704225288e+02 9.084074074074074190e+01 2.523823754789271163e+02 5.691760484622554941e+02 6.996415826221878831e+01 1.540018568665377359e+02 2.876344245524296639e+02 1.234912622950819923e+03 6.991782178217818000e+01 2.819282608695652925e+02 1.777251094890510785e+02 3.915308641975309456e+01 2.101406495547406905e+02 5.898471744471747797e+02 3.630723404255320474e+01 6.318546511627906170e+01 3.068207947019868129e+02 3.505909259832765770e+02 5.034491042047532119e+02 3.070439458086368063e+02 1.476307334109429519e+02 2.439450504295853648e+02 1.107156104138575074e+03 2.179892825509300280e+02 1.588119918004782960e+02 3.391366094521513901e+02 3.936994790159188256e+02 6.238748490945673666e+02 6.748038461538461661e+02 7.018831428571426159e+02 2.687966809839906546e+02 1.349159670781892828e+03 6.736018002230366619e+02 1.270667826086956325e+02 9.667271546123862436e+01 5.540382902938556953e+01 2.053240909090909270e+02 5.940866425992780364e+01
8.342678214523650126e+01 2.457555127155570176e+02 9.032419553461474493e+01 2.864386822802728148e+02 1.340078631693738487e+02 2.619594103885292498e+02 5.226014375144910673e+01 2.101894390201628369e+02 2.371689777573482445e+02 2.925894970630351395e+02 1.701277156914129023e+02 1.042675250357653880e+02 7.466727012357902140e+02 6.471765350877191736e+01 1.940137572539266273e+02 4.617037200845250595e+02 6.124568208729738927e+01 1.761922019749567312e+02 2.594456980119392711e+02 9.363987572100517127e+02 7.658670046220368022e+01 2.982029392436823514e+02 1.888606690149898100e+02 3.191511387163560443e+01 2.019971251658558060e+02 5.855779772010671422e+02 3.121851658850096811e+01 6.289086087311302009e+01 2.768740931048831726e+02 3.909333049222244654e+02 2.760628001477650173e+02 2.969944293417710810e+02 1.622300469483567724e+02 2.696341780376868087e+02 1.115613164993829741e+03 2.484605379702578034e+02 1.413129663927498711e+02 3.751181630546955716e+02 4.737468200167567716e+02 6.075700113593335345e+02 8.681652826823184341e+02 6.410240601503759308e+02 1.969280092069298576e+02 9.861238047725948945e+02 7.755973604554641270e+02 1.001867631235548544e+02 1.561298002371613620e+02 3.765449688334817324e+01 2.804969241285030535e+02 6.584774209892961494e+01
6.782275132275132989e+01 2.314391428093085494e+02 7.987953514739227501e+01 2.620719233903830059e+02 1.509146691635455682e+02 3.956516557496361202e+02 8.350891878425512971e+01 2.002511013215859066e+02 4.301016628873772447e+02 2.356260493827161895e+02 2.511117539912139875e+02 6.919953836357848331e+01 5.059108422939067395e+02 1.166402222222222207e+02 2.084377423524343271e+02 4.851033820935780909e+02 7.200966183574875856e+01 2.218643790849673110e+02 2.217579770462857880e+02 1.304714038444019479e+03 7.862724268177527165e+01 3.013044520116029616e+02 2.688280953156381088e+02 3.286493914409109607e+01 2.528821548821548788e+02 6.177929044594684456e+02 3.141432506887051801e+01 7.856427015250545765e+01 3.314591875911849002e+02 4.234330662226385016e+02 3.435491452991453230e+02 3.186004768178681843e+02 1.139787168685272718e+02 1.833114841460165110e+02 1.333297756565446889e+03 1.968790473378604418e+02 2.274362773029440064e+02 3.586852171058031900e+02 3.494311149747254603e+02 4.732915386584742237e+02 1.071269684939176386e+03 6.775123809523809086e+02 2.726500369067778138e+02 1.415406838436107819e+03 9.895973333333331539e+02 1.263875114784205635e+02 1.698856067187952874e+02 7.255929973689536894e+01 2.403719336219335219e+02 4.976788340687257772e+01
9.794199305899850572e+01 2.391062850169191165e+02 7.458619361936190728e+01 2.168494974191795563e+02 1.129807515544741818e+02 5.441887292551429027e+02 6.724828751890400724e+01 1.953499004800374621e+02 2.440767451866192346e+02 1.633965296803652336e+02 2.243029135802469227e+02 1.250963280877444106e+02 3.538591772664012183e+02 8.979635630445737604e+01 2.138967815114135362e+02 5.214850311432589933e+02 8.684144912985273379e+01 1.838683469859273316e+02 2.690245230078563168e+02 9.973402171276077297e+02 7.470214190093706463e+01 2.886899470899470543e+02 2.538983837413985896e+02 3.820406310293950725e+01 1.520841627379081729e+02 7.095436227881763216e+02 5.759015059015057858e+01 7.109309309309308844e+01 3.212238408690335518e+02 4.415740740740740762e+02 4.666035686314570512e+02 2.045058215962441182e+02 1.739455100079395038e+02 2.494714147286821344e+02 1.433239163756641346e+03 2.601040502108463670e+02 1.958760241483397806e+02 3.862962882517616663e+02 4.811028082323523449e+02 5.363327327327326657e+02 6.035883636548170443e+02 7.018737661867245379e+02 2.812207166516109851e+02 1.261278150953583236e+03 7.710672003109981461e+02 9.167985178769068000e+01 1.661156289707751057e+02 5.657373569582870232e+01 1.771618780154100818e+02 5.402641056422569221e+01
7.453072674673447295e+01 3.215545882352941476e+02 8.083415559772298309e+01 2.617628361858190260e+02 1.497344647186423288e+02 2.894698030669636069e+02 7.533727202671460077e+01 1.759779691952992380e+02 4.040738568418655632e+02 2.057092353266707789e+02 2.584360509531507546e+02 8.627341580408986488e+01 5.464912622874081762e+02 9.508848309252408626e+01 2.538670272706783919e+02 4.283428019634665702e+02 8.843666379427639868e+01 1.323633097614770406e+02 2.739743857036485792e+02 1.090953673659523929e+03 6.560545193687231347e+01 1.765490407142404479e+02 2.346385088919287796e+02 4.213289760348583712e+01 2.155906695837056759e+02 5.970012100633928185e+02 6.016920026437541225e+01 7.567416879795396767e+01 3.325736976712881869e+02 5.781387133365743694e+02 2.895512484130342159e+02 3.186700074670206391e+02 1.205759233926128076e+02 2.540293475001071215e+02 1.460619096139648263e+03 1.782299843831337682e+02 1.192610896817743793e+02 3.557017417022675545e+02 3.587981418775205498e+02 5.773044665430642226e+02 1.043517316453654530e+03 6.940548859543818025e+02 1.554270620391850457e+02 9.820206508135169088e+02 1.072435931060321764e+03 1.042724860976480699e+02 1.592889205920566837e+02 5.675922542930214831e+01 3.576706340123597556e+02 7.023359524315142721e+01
7.102919199594728639e+01 1.845056504269211075e+02 9.103176020408160696e+01 1.761303484107579322e+02 1.579055306007861077e+02 4.396861535314970979e+02 6.552506654835846689e+01 1.819521028037383132e+02 2.451200873362445236e+02 2.242026388888889414e+02 2.316174863387978178e+02 7.339004297994269166e+01 7.117257644489247923e+02 8.609122950819671871e+01 1.961021897810219059e+02 5.677946428571428896e+02 1.020369759316770200e+02 1.822722039473684106e+02 2.648734357997823281e+02 1.574436628860343944e+03 7.348557011331443789e+01 3.146818246311010512e+02 2.501964460185638472e+02 3.296860532407407618e+01 2.357509915388683055e+02 7.736428626306085334e+02 2.732066115702479436e+01 6.565797769156158381e+01 3.090516407599309900e+02 4.431433915211969179e+02 2.860673752310536315e+02 3.573210403726708932e+02 1.962357382550335672e+02 2.766824534161490305e+02 1.460840034239469333e+03 2.919961248892825552e+02 1.898301435406698658e+02 3.924975067717311958e+02 2.871557881773399004e+02 3.925518705035971152e+02 6.770576328447091328e+02 7.107404591836735790e+02 2.999180343884330000e+02 1.320674670470985575e+03 1.211311013567438522e+03 9.429088734232273339e+01 1.532259448305821365e+02 5.669484629294755962e+01 1.712713474025973994e+02 5.794479542719614784e+01
9.259503722084367894e+01 2.488399900149775590e+02 8.896625804853886166e+01 2.639164883863080036e+02 1.217014229636898932e+02 4.991837856173677324e+02 8.869595676541231910e+01 1.595918205804748595e+02 4.219913480154888816e+02 2.899958150384193800e+02 2.396608888888889055e+02 1.064045064377682053e+02 6.544010152284264450e+02 8.666834089436164845e+01 1.841613143343258514e+02 5.476781433740389957e+02 9.466641566265059282e+01 1.947381200302915261e+02 2.908946338383838111e+02 9.031753889192142424e+02 9.102627175368139945e+01 2.895827694235588865e+02 2.361329812770043475e+02 4.212742594484166858e+01 1.853440937663698094e+02 3.592998235655108488e+02 6.622741147741146506e+01 7.496965492277992382e+01 3.684636613790870001e+02 3.841747340425531547e+02 4.835516094088517320e+02 2.455408450704225061e+02 1.942059514855209272e+02 2.799860706482155592e+02 1.477386785603153157e+03 2.604675884955751712e+02 1.561296490944372692e+02 3.774896557341442644e+02 3.994631058857472681e+02 6.360559743954481746e+02 9.720001141813199865e+02 6.941000916870417541e+02 2.411911536972512238e+02 1.469713126790830756e+03 7.492135019083970064e+02 1.101076223473365019e+02 1.432988297872340127e+02 5.935666809605487515e+01 3.113536941023979239e+02 6.148469387755102389e+01
8.666646413502110136e+01 1.870180297708647004e+02 1.025772126144455711e+02 2.088236348818255976e+02 1.068413667757179155e+02 4.072806835742205180e+02 6.174907488986784188e+01 1.608170508598609558e+02 4.311239204269771790e+02 2.962487506940588560e+02 2.082653817325195291e+02 9.751616595135908483e+01 7.320235583921173657e+02 1.158444444444444343e+02 2.500433092095927066e+02 4.890311235605353772e+02 1.155934833204034078e+02 1.429203352675692997e+02 2.905050988553590514e+02 1.302923020861801888e+03 8.143172804532576947e+01 2.011979568671963534e+02 2.745506595017097879e+02 4.163326432022083878e+01 2.071299719887955177e+02 6.616952380952380963e+02 3.736435643564356468e+01 7.664134366925064512e+01 2.822392116420305115e+02 3.252091352641959929e+02 4.567991626646964392e+02 2.891309060118543357e+02 1.745747522170057380e+02 1.677483127572016599e+02 1.483969302068202296e+03 2.470268083850014591e+02 1.923180958888509338e+02 4.159997385620915225e+02 3.642294259527255349e+02 4.296123932853716951e+02 6.652660712922677249e+02 7.722148027210884038e+02 1.973429129246388243e+02 1.336198904686677224e+03 6.132173968456269222e+02 9.249615774974625992e+01 1.369027151935297582e+02 7.794514692787176102e+01 3.535343722943723037e+02 5.231656638588046349e+01
7.168824987605354693e+01 2.532993176901314598e+02 9.573768976897689242e+01 2.572238587948874056e+02 1.324774774774774642e+02 5.159501942712569189e+02 7.728337336535895474e+01 1.545589743589743534e+02 2.630530493707647679e+02 3.073648219178082286e+02 2.326916345679012181e+02 9.161211254172627605e+01 6.468833898305085768e+02 8.148138584032709275e+01 2.708139515099957180e+02 5.275232067510547722e+02 9.976562344759067003e+01 1.980761257861634874e+02 2.733967676767676380e+02 1.680780494905385694e+03 9.170129406514948300e+01 2.679868337510442302e+02 2.402711281070745883e+02 3.605815457950289726e+01 1.524935219137419153e+02 7.521725321888411600e+02 6.878991869918698399e+01 8.430603599299250561e+01 3.992955649077371163e+02 3.699680080080079847e+02 2.808538768984811895e+02 3.845094835680751544e+02 1.731469674185463816e+02 2.283519379844961179e+02 1.489593251045880379e+03 2.649960404751429905e+02 1.842568475452196139e+02 3.176569359976831493e+02 4.568258126562800499e+02 6.626928781412992748e+02 1.133738383147007198e+03 5.171130127682694138e+02 2.035753258484965613e+02 8.984865473823724642e+02 8.087102641469482478e+02 1.151947768689912550e+02 1.048233908518214150e+02 5.727936507936507837e+01 1.661862187769164620e+02 7.866203592814372314e+01
1.051443037974683676e+02 3.914663464984587904e+02 1.407854962941432859e+02 3.761801432064268056e+02 1.389323882224645388e+02 4.428033425532743763e+02 8.462303335431087703e+01 1.654170456327426280e+02 4.179600748596382118e+02 3.044927421273895334e+02 3.158502133908494329e+02 1.234990803188228341e+02 7.392616728249914786e+02 1.100990513392857082e+02 2.299439883232986404e+02 3.671654661864745322e+02 1.084261332151169057e+02 1.664741641337385545e+02 3.291726624052325860e+02 9.158907195564751191e+02 9.182102387697288748e+01 3.160454029511917611e+02 2.364424593481750208e+02 2.232475598935225491e+01 1.948738745498199307e+02 5.502185648452929172e+02 3.956859971711455870e+01 6.488538205980066209e+01 3.260567696311937880e+02 5.398732037193576616e+02 3.546777666367618167e+02 3.010510463287770335e+02 1.780625419181757252e+02 1.614135802469135683e+02 1.474144117036729767e+03 2.398425914209794030e+02 1.971896627458636431e+02 3.815682773109243158e+02 3.716857556336572088e+02 3.749667009249743046e+02 5.876953449573097714e+02 7.090673469387754722e+02 2.498234506610141352e+02 1.233234597156398195e+03 1.110943102938164202e+03 1.111588268191138980e+02 1.792941941074523413e+02 5.717936649281261197e+01 2.821071428571428328e+02 5.548736462093861377e+01
5.763573907500531135e+01 3.628319663362098595e+02 9.785855728429990563e+01 2.301318546978693576e+02 1.462467155303554307e+02 4.429574023157650231e+02 5.411117465400892712e+01 1.471155351497817207e+02 4.423271331766007961e+02 3.060363992172210601e+02 2.011161904761904680e+02 1.267011036174125849e+02 5.682929058995611058e+02 5.566990291262136026e+01 2.629965971926839643e+02 5.382452208731592691e+02 1.011301921219276636e+02 1.562574342921905668e+02 2.535660173160172803e+02 1.075690073300062522e+03 7.892943201376935747e+01 2.671041890440386055e+02 2.260071873502635356e+02 4.138975631110461961e+01 1.822961909750804352e+02 6.262525314513653711e+02 6.367242281527995829e+01 6.867085220255249567e+01 3.259882532488553011e+02 5.401512226512226107e+02 4.295492633317396667e+02 2.908859154929578494e+02 1.431326530612244596e+02 2.360659260797341972e+02 1.427559011365151719e+03 1.980970397837973849e+02 1.505897009966777489e+02 5.329044309296263009e+02 4.622994806693594683e+02 5.397533021743547579e+02 1.310759599386683021e+03 6.849446384910932011e+02 2.448961340633814814e+02 1.694395299973481087e+03 1.198272027781560610e+03 1.173242542153048191e+02 1.462892812555733997e+02 4.892992135227139983e+01 3.562597907601148108e+02 6.285115483319076191e+01
8.478941625750137234e+01 3.156880577985550644e+02 8.169230769230769340e+01 2.726001504607861534e+02 1.395262816913574682e+02 4.663907616790081647e+02 7.665456282847587488e+01 1.732276398697509308e+02 2.519083342664128224e+02 3.153494017094017181e+02 2.689571495685285640e+02 9.286114172360592534e+01 4.099103598014887666e+02 9.948569987389659275e+01 2.032219836839845186e+02 5.339512317747612542e+02 1.124130434782608745e+02 1.802812574422482044e+02 3.647899054155855652e+02 1.627968507578784056e+03 7.706145129657875259e+01 1.958066008905963429e+02 2.638127841869903136e+02 3.550925925925925952e+01 1.480521498596591243e+02 7.114800718642146649e+02 3.282492053401144005e+01 5.611915242856077413e+01 4.351893184535672390e+02 5.793076923076924913e+02 5.105716479454001160e+02 3.587810884767406492e+02 1.902428862097239346e+02 2.600751222022125262e+02 1.336673823167909177e+03 2.722555699393609530e+02 1.637324254692675822e+02 3.853167654802720676e+02 4.614607583086285558e+02 6.565485777531819167e+02 8.073577293068818790e+02 7.907063736263737610e+02 1.947804731415517097e+02 1.542889666514164674e+03 9.145945853029652426e+02 1.593572456251882272e+02 1.291109403194546985e+02 6.601071080817916936e+01 3.134349650349650460e+02 5.777487734888457993e+01
6.232357320099256981e+01 2.328472686733556998e+02 1.094202180376610443e+02 3.617491066390821288e+02 1.105334328592755639e+02 2.773752217931322548e+02 8.150570719602977476e+01 1.895681085381684170e+02 3.731131878769826358e+02 3.054940435670524721e+02 2.506632904462085776e+02 8.751238032353911933e+01 4.729966091842666174e+02 9.217817438556261322e+01 1.801016693944353619e+02 4.386743902863306630e+02 1.009830861909174757e+02 1.474733184120626959e+02 2.955212724585829278e+02 1.745215103215102545e+03 7.311791430046463347e+01 2.427156307379771363e+02 3.552622343969793519e+02 3.159453482862107165e+01 2.301662570012491358e+02 6.782124294852126241e+02 6.274950690335306547e+01 6.603024897807507898e+01 3.460502843460041618e+02 5.514751324239440464e+02 4.590512241708630086e+02 3.542564102564102768e+02 1.638385837331982202e+02 3.165086559471119472e+02 1.367888999704786329e+03 2.857957794417971513e+02 1.876943266707046973e+02 3.146361872909699855e+02 4.699050755434903976e+02 5.212819345661449688e+02 6.570494078785535521e+02 4.308370911599610622e+02 2.751980627223534270e+02 1.203177152447552771e+03 8.530274699031267573e+02 1.001332578205683461e+02 1.467698207203959271e+02 9.057682087620085554e+01 1.921638167406151751e+02 7.208791208791208760e+01
1.054558772836952585e+02 2.022083542608403945e+02 9.935773809523807643e+01 2.246375284149617357e+02 1.353687863440255228e+02 4.948994535519126430e+02 5.364314453729496535e+01 1.756170349907918933e+02 4.462908333333334667e+02 3.173224351747463743e+02 1.900972445588077164e+02 7.055826170009551390e+01 5.909090602896598057e+02 8.883742864234299930e+01 2.585621431708386808e+02 4.984512138188608787e+02 1.062476562499999915e+02 2.036559389944423231e+02 8.371024828314841670e+01 8.902034910217846573e+02 7.981914893617019402e+01 2.581596670450245483e+02 3.646288213176393356e+02 2.419033293221018965e+01 2.342097469036079929e+02 5.463079799221468420e+02 3.925972222222221575e+01 9.321271372947352063e+01 3.265644841269841550e+02 4.833243991640544550e+02 2.390172135222470615e+02 2.767758718457612304e+02 9.098906887923087083e+01 2.594523924991917738e+02 1.499020233017788087e+03 1.619417626217891950e+02 2.005486801508399139e+02 4.027601395730706031e+02 3.481256283836039529e+02 7.239510908168443848e+02 1.314738383838383697e+03 6.991252897068847005e+02 2.316127258444618917e+02 8.367224838936708693e+02 1.018187476595516841e+03 9.674466695690028928e+01 1.119959082273856552e+02 6.839695585996955174e+01 2.881018140589569043e+02 7.926173285198557039e+01
9.346278481012659256e+01 2.416749331997327488e+02 8.931207098610413198e+01 2.489306234718826261e+02 1.201586094513851037e+02 4.946387146623033004e+02 5.767063142437591239e+01 1.637865898280277577e+02 3.225536175710593625e+02 2.565680894308943039e+02 2.071577256665595428e+02 1.018432284215545991e+02 6.959541484716156674e+02 1.073345269097222001e+02 2.524477791968213012e+02 5.708565203859320718e+02 1.038385053012671051e+02 2.047627981947131275e+02 3.931160436137071201e+02 1.008540903707752364e+03 6.401156751652503374e+01 2.619740824820279954e+02 3.608422546634225228e+02 3.195953360768174889e+01 1.640610994397759441e+02 5.883290847665846286e+02 3.444381720430106952e+01 8.491416343669251887e+01 4.077026431718061872e+02 4.516080016583747465e+02 3.454170353982300412e+02 3.226678426945150022e+02 1.467865553830227725e+02 2.178573609451745199e+02 1.768186190080929691e+03 2.563347357543548810e+02 2.043143149982917350e+02 5.587869808112703822e+02 2.861013024602025894e+02 4.464976498800958211e+02 8.566866651400656565e+02 7.150874149659859995e+02 2.578257191201353749e+02 1.061687183105953864e+03 1.062420795496787605e+03 1.679533333333332905e+02 1.383638070479491660e+02 6.477085188483228251e+01 3.520887445887445324e+02 6.580545527476935774e+01
8.092389687654932118e+01 2.749027292394740698e+02 8.422244224422443892e+01 3.687475550122250070e+02 1.440806974858069793e+02 2.996105538989789352e+02 8.229690419001866530e+01 1.658184931506849296e+02 3.295136334301387819e+02 2.254357077625570582e+02 3.995993580246912984e+02 1.012620410109680478e+02 6.193397417224972514e+02 8.548044934111040050e+01 2.476780802495392209e+02 5.251335141651596814e+02 9.207341867469875751e+01 1.460815374921235161e+02 2.713438552188551398e+02 1.531976892285298391e+03 7.083132530120484205e+01 2.183542188805346882e+02 2.666672267562810248e+02 3.843684031324480799e+01 1.023948838833595119e+02 6.553147693566535281e+02 6.420370370370369528e+01 9.674316280566280568e+01 3.193408870184525199e+02 3.422458661020365867e+02 4.617629482071712914e+02 3.174361971830986136e+02 1.777199448414190783e+02 2.298211603682170505e+02 1.945063893786951439e+03 3.001555604589584618e+02 1.761613303147908596e+02 3.936240949898638632e+02 3.500234660511636093e+02 5.255662873399716091e+02 5.558664078556747654e+02 7.074533414832925473e+02 2.101249193444315608e+02 1.489744438092515566e+03 1.096670403944020336e+03 1.237869929262306812e+02 1.390877453056614286e+02 7.410728128460687003e+01 3.518695182544825570e+02 5.364125650260102418e+01
8.170245369935132373e+01 2.473486142185288656e+02 1.164378478664193182e+02 2.058148002028969472e+02 1.526486928940502423e+02 4.928837555886736936e+02 7.618637629779691167e+01 1.707281767955800831e+02 4.210992727272728189e+02 1.691090499128830231e+02 2.266427673323781562e+02 1.033917686897629835e+02 6.998151811139347274e+02 8.900927367494752218e+01 2.469512516469038133e+02 4.320506748153807166e+02 1.034465909090909008e+02 1.888642532341640958e+02 1.063012534216971403e+02 1.883045118949959033e+03 8.499535783365571717e+01 1.960568568775151732e+02 2.154434883409871588e+02 3.851985559566787032e+01 2.323783228080481820e+02 6.819418338268983462e+02 2.139636363636363470e+01 8.216445819289903341e+01 4.213193277310924145e+02 3.502924479908806461e+02 4.963662802521863000e+02 2.708441889836842620e+02 1.825662152939909220e+02 1.697170443523498307e+02 1.971202368005446942e+03 2.075915130042677106e+02 1.802797394583475921e+02 3.785290640394088655e+02 4.395395486184349920e+02 7.399581569115816819e+02 1.296599237126509934e+03 8.219221416620190439e+02 2.525201028351067976e+02 1.950992130169651091e+03 1.058648312688755595e+03 1.093736494241500736e+02 1.411017496313419031e+02 4.697833125778331009e+01 3.221829313543599369e+02 5.289990154250082099e+01
8.082807825086307218e+01 3.534994298225607281e+02 1.047991306760380894e+02 2.403180706823737864e+02 1.561823138693367525e+02 4.354257877383048481e+02 5.490540648778535626e+01 1.670285400658616766e+02 4.056726214106127486e+02 1.979421533491494074e+02 2.076530677802762170e+02 8.665587202497074770e+01 7.004134729898920568e+02 1.120383522727272805e+02 2.492441657958899270e+02 5.772882607588489918e+02 1.022182100289159905e+02 1.916941797081062475e+02 4.213223914483020849e+02 1.721181097667022868e+03 8.675534380633530418e+01 2.481815086162417856e+02 2.063979215703690215e+02 2.521908526256352090e+01 2.140813598166539578e+02 7.437052366987851428e+02 3.057335733573357572e+01 8.016807610993657818e+01 3.810157817431795024e+02 3.451626511140681828e+02 4.486136951338280596e+02 3.592402432453237111e+02 1.768992744344857044e+02 1.762170594837261319e+02 1.980349167122565177e+03 2.017330702955149206e+02 1.565832220393204466e+02 3.523641711229946623e+02 4.096292066833311196e+02 8.229835448005233047e+02 1.213684909548889436e+03 7.480830426716140664e+02 2.488172943807461479e+02 1.776598104265402753e+03 8.677826408098827642e+02 1.059920914231484090e+02 1.397710729478493477e+02 4.736031733182223036e+01 1.920389610389610198e+02 5.500820479159829546e+01
1.016011730205278809e+02 3.872933327281805305e+02 7.890431570411749362e+01 3.217228272949544134e+02 1.345673308219489286e+02 3.456973973109659823e+02 5.107620641968120623e+01 1.594920665541355334e+02 3.836260670597554281e+02 2.447785753727222868e+02 2.042429090909091087e+02 7.255364806866953131e+01 6.188566688785666656e+02 9.769009603487893401e+01 3.355392649903288316e+02 5.456358702355988726e+02 9.699835706462211249e+01 1.757548627396882921e+02 2.954907437181313412e+02 9.126752679634777223e+02 5.777984665936472908e+01 2.192565960355434243e+02 1.994187579103564758e+02 3.376525211254527647e+01 2.169034715938853708e+02 6.209376551647187625e+02 5.696370296370296415e+01 8.008700232650012651e+01 3.233181818181818699e+02 3.520567870485678554e+02 4.636245949172778182e+02 3.269994620763851572e+02 1.283116393779543785e+02 2.260893200026485204e+02 2.019630102497855660e+03 2.185076427996781661e+02 2.123719436752489571e+02 4.429982623805385629e+02 3.364735351203902951e+02 4.777489202120780760e+02 6.920227117025473262e+02 3.641085127672980093e+02 2.487874564459930298e+02 1.191222847252271777e+03 5.722772423374142363e+02 1.555007677467617100e+02 1.274393036750483077e+02 4.998416886543535753e+01 2.136092617686914537e+02 7.434071810542398850e+01
9.621193565127140346e+01 3.890035677879714058e+02 7.672938775510203868e+01 3.666459813084113080e+02 1.188160451977401237e+02 4.733806255189593344e+02 8.754497652582161038e+01 1.622410427066000977e+02 2.194976417461113840e+02 2.022434047350619721e+02 4.445124637681159925e+02 4.237501794687725720e+01 6.848016183412003102e+02 7.152131147540984557e+01 2.365036630036630640e+02 5.396341736694677138e+02 9.942422310756971626e+01 1.468414765657403507e+02 5.590853462157810583e+01 8.884543513957307823e+02 7.036840600428877224e+01 2.481366628830873822e+02 2.013277723258096898e+02 4.098892900120336691e+01 2.268438967136150382e+02 5.096981224992305783e+02 3.601569282136895112e+01 7.438180894308943891e+01 3.486427712972782160e+02 4.484213366802634937e+02 4.677194174757281644e+02 2.953930379746835797e+02 1.708965845909452241e+02 2.457352680767339450e+02 1.993729771632096799e+03 2.862309260079751994e+02 1.729159784560143862e+02 4.721743627814897764e+02 4.381807600950118626e+02 5.988510638297872219e+02 7.106173805397374963e+02 7.027349579831932260e+02 2.599014251781472922e+02 1.304933094812164654e+03 6.249602750941543263e+02 1.195334494773519225e+02 1.521456414841305218e+02 5.599907321594068321e+01 3.579258350374914812e+02 6.954939759036145119e+01
9.329726443768994670e+01 3.636099447513812493e+02 8.518030612244896815e+01 3.555507334963324979e+02 1.592068616422947400e+02 4.971632987438557052e+02 6.773939945404913487e+01 1.623579237990060449e+02 3.379700243309002872e+02 2.326672222222222786e+02 2.104563525249276665e+02 1.077667621776504632e+02 6.884858392196437080e+02 1.166653231410702176e+02 1.525146919431279855e+02 5.330557422969187655e+02 9.658660436137071770e+01 1.854500969367971948e+02 1.853487710219922917e+02 1.307724767632586236e+03 7.832351274787534123e+01 2.355484676503972423e+02 3.006193231976458833e+02 4.206834532374101343e+01 8.998498402555911468e+01 5.870583896742471097e+02 6.477090909090908610e+01 9.575826174835773941e+01 3.747394800693242018e+02 5.830517241379310462e+02 4.530800000000000409e+02 2.798341614906832433e+02 1.738391149743184485e+02 2.601098076923076974e+02 1.984063062876115737e+03 2.354708591674047966e+02 1.556298323640095589e+02 4.549068965517242304e+02 4.559880614314691343e+02 7.701047590719812206e+02 1.297195365909612519e+03 6.916687346938775818e+02 2.724943706020328591e+02 9.861289695398573940e+02 7.744944586803331958e+02 7.960861244019139349e+01 1.543033492822966650e+02 6.029936073059360524e+01 3.498227420402860162e+02 6.872322503008423666e+01
5.124211576846307281e+01 3.469299599198396891e+02 1.189014392059553415e+02 2.231594132029340187e+02 1.518693058568330230e+02 4.721702533369654589e+02 6.858361233480177077e+01 1.680364931506849757e+02 3.940665697674419334e+02 2.799317100166021532e+02 1.890310053241465766e+02 1.112935622317596227e+02 7.333883767535070319e+02 1.136581983149708606e+02 1.443567475521498693e+02 3.816584070796459400e+02 9.048316524437548480e+01 2.097200000000000273e+02 4.433190476190476375e+02 1.731892568306010389e+03 8.416185784658692626e+01 2.365186571271326272e+02 3.577837864077670815e+02 3.400823045267490130e+01 1.766679937139864194e+02 6.975878378378378102e+02 4.492666666666665520e+01 8.076661828737300652e+01 5.445637384412154915e+02 5.741762711864406583e+02 3.549201891596944733e+02 3.444605136889641699e+02 1.615217694994179283e+02 3.213122328666175349e+02 1.956622425059641046e+03 2.530462151394422108e+02 1.764717896174863654e+02 3.827753596287703886e+02 4.508732850940667731e+02 8.284027011494250701e+02 1.271395010299840123e+03 6.981475102040815273e+02 2.450708317063647144e+02 7.685986718985813013e+02 9.389932484076431365e+02 7.983817787418655598e+01 1.345667388479861586e+02 7.206352313167261059e+01 3.528987029831387758e+02 6.173140794223826333e+01
9.080257808626676308e+01 2.897849226160759031e+02 1.258335643564356445e+02 2.367709046454767758e+02 1.528443368828654627e+02 3.972615885063703445e+02 5.260208166533227114e+01 1.310653319283456710e+02 4.042779283639884511e+02 2.819663561643836260e+02 1.926370370370370608e+02 1.147100143061516491e+02 7.235798065984074583e+02 1.050348220064725098e+02 2.346078264568268708e+02 5.726385171790234381e+02 8.922644628099175179e+01 1.904426142803173718e+02 3.147388888888888800e+02 1.918354967248908451e+03 8.071485943775100225e+01 1.272410025062656587e+02 3.683544801149974433e+02 3.224494382022471939e+01 1.704966998428497220e+02 7.242878797177049819e+02 6.055262515262516843e+01 8.159942363112392627e+01 3.732078342505665773e+02 5.244452852852851947e+02 3.535659872223911862e+02 3.558499718309859645e+02 1.929000751879699180e+02 3.099896802325582144e+02 1.986245182035059088e+03 2.508881654201495905e+02 2.155218992248062193e+02 3.890925716768028337e+02 3.504004616272360977e+02 4.374567852062589850e+02 9.491183831925098957e+02 8.294286878565608276e+02 1.638857142857142719e+02 1.177750221333714535e+03 1.233112901175723437e+03 1.298558581928231774e+02 9.973433208489389301e+01 7.770879211175019918e+01 4.051303953337654207e+02 4.744071856287426669e+01
7.848279048279047743e+01 2.811211915279193363e+02 1.033128310268238579e+02 3.553520249221184031e+02 1.592711010330057775e+02 4.890266783934329169e+02 5.674282733437662074e+01 1.500138041535711864e+02 4.236987233093604459e+02 2.860508474576271283e+02 3.434403292181069673e+02 1.042075487079155209e+02 1.053731096851664006e+03 7.855663915978992407e+01 3.680895858958590452e+02 6.142347753916380952e+02 9.528552456839308604e+01 2.460542724075658612e+02 9.234907854714617770e+01 1.858174238277686072e+03 5.843261012491782225e+01 2.466778912851557095e+02 3.575059426452949651e+02 3.135579622944244704e+01 2.278768485800287635e+02 7.236284885954800075e+02 3.555889445371915514e+01 8.074999999999997158e+01 3.292640735269982315e+02 5.073827005543353152e+02 4.360518324389533973e+02 3.873161999744278319e+02 1.578857429444216223e+02 2.810790840028420234e+02 1.952389016923900726e+03 2.028678424979003125e+02 1.670382792562887460e+02 4.970969089390141562e+02 4.469344695468357713e+02 6.156146136437116638e+02 6.272773238700447109e+02 8.466885890949970417e+02 2.423267031548969896e+02 1.838635949202214306e+03 1.287828924453243872e+03 1.620813362381989862e+02 9.323439129786918045e+01 8.982635658914728083e+01 2.360519737844840904e+02 5.078848728246318700e+01
9.020234869015355628e+01 2.331296389307439085e+02 9.517120181405894641e+01 3.533595413595413675e+02 1.542717438879509757e+02 5.240286503384016896e+02 8.840070153719179302e+01 1.531425240812319259e+02 4.311989381118300457e+02 2.798002496878901297e+02 4.202897680568956957e+02 7.987583572110791863e+01 1.226406011664423431e+03 7.811613540894489915e+01 3.322831603229526536e+02 5.323383131030188906e+02 9.007893139040677966e+01 1.671275688251260192e+02 6.510903910903911651e+01 1.453724911129340853e+03 5.788888888888887863e+01 2.563903392609408343e+02 3.456126641599913114e+02 5.329455809600214167e+01 1.988964862298195726e+02 7.286853103872155089e+02 3.540740740740740478e+01 8.393138084758196271e+01 3.540087862530129996e+02 5.014973876698014124e+02 4.760043848763133951e+02 3.210056657223796037e+02 1.188388427938013194e+02 2.517683579533290867e+02 1.922172350187913025e+03 2.055070367089853391e+02 1.859107461892271829e+02 4.234302134646961804e+02 4.903997164217582281e+02 7.048633515261774392e+02 8.749184845005740954e+02 7.958418541240625927e+02 2.414449681417473528e+02 1.903817660115857734e+03 1.246877660143300091e+03 1.319337588240982484e+02 9.070233076513056858e+01 9.948351090816842657e+01 1.848385996143005343e+02 3.454606230779516096e+01
1.104275668073136245e+02 2.463758711044210088e+02 8.943314117780035133e+01 3.557402879652268552e+02 1.247133163698049430e+02 4.917509923340302294e+02 6.230934899657366088e+01 1.528977924137089701e+02 1.878203676748072439e+02 3.218199765562342236e+02 2.703524288824642099e+02 6.828437450325861846e+01 1.221793304221251901e+03 9.548611111111110006e+01 2.148038408779149506e+02 5.122262682850918054e+02 8.758624256529611785e+01 1.623726627981946820e+02 3.835343970401202114e+02 8.503998663872946508e+02 5.452219074598677651e+01 2.644115273048303720e+02 3.499863214460185077e+02 3.437198067632849785e+01 2.067861811391223057e+02 5.136675200546168298e+02 3.041254125412541498e+01 5.639793281653745538e+01 3.279259004621671920e+02 5.032053012214955174e+02 4.785312974592617934e+02 2.915769435820240574e+02 1.467179620935489197e+02 2.199702789208961917e+02 1.919521269973023436e+03 2.074871567759078914e+02 1.702257905325892864e+02 4.075740740740740762e+02 4.809979096317736094e+02 8.252876099120703657e+02 1.246752614304251892e+03 7.347950113378684591e+02 1.778862423532474111e+02 1.749599262769878806e+03 1.236920113996424107e+03 1.408050843361848194e+02 1.254777585210860451e+02 5.927119817947956903e+01 2.580865800865800566e+02 5.004813477737666005e+01
9.092748828232697633e+01 1.764106835471152976e+02 7.633927981499833493e+01 1.448437924477044021e+02 1.209314493247077280e+02 5.000880446253580658e+02 6.252329749103942191e+01 1.490732474445049434e+02 2.949720339894589642e+02 3.498109636184856868e+02 1.588614735732173244e+02 7.528167223017007359e+01 1.099537503498460637e+03 9.329401598617408808e+01 2.184080378250590684e+02 5.127488818533594213e+02 8.063286479250334082e+01 1.638075548749361872e+02 4.267213796202674416e+02 8.861738708405374609e+02 6.942356450410142088e+01 2.478137802607076310e+02 3.440933589990377186e+02 3.594318959616700226e+01 1.254390314882719224e+02 4.513585626129352022e+02 6.619427486094150481e+01 7.719431025228125520e+01 4.687400201758177900e+02 4.951614191888413075e+02 4.511548246085492337e+02 2.946466297235527350e+02 1.421034052262258172e+02 2.473428016508860594e+02 1.898119604928027229e+03 2.468947885939036269e+02 2.068527267424905460e+02 3.511454106280193059e+02 4.645121974737247115e+02 7.525503398134976578e+02 1.217138571646109312e+03 4.131006930289440788e+02 2.094919030962559816e+02 1.629989010101010081e+03 1.223100001769003484e+03 1.274225494442038382e+02 1.383438905458505133e+02 5.537329003050879805e+01 3.409601785842874619e+02 6.776363878884886560e+01
8.587088772845953599e+01 2.136337001023541688e+02 9.497475653511018834e+01 2.620980718085106673e+02 1.442852319436288440e+02 2.702179613564668443e+02 6.845837297811607414e+01 1.559283731260410946e+02 4.048493975903614341e+02 3.448553907586993432e+02 1.640178282009724740e+02 5.194522058823528710e+01 9.002665030467162524e+02 1.081438016528925630e+02 2.472705302674800691e+02 4.540941011235954647e+02 8.578648325358850002e+01 1.548984528487230250e+02 7.556907894736841058e+01 1.237353673637864631e+03 7.752500000000000568e+01 2.794707718501702516e+02 3.595226923076922958e+02 3.121209386281588394e+01 2.396216577540106982e+02 6.384941958277254344e+02 4.192398648648649839e+01 9.972554763117673815e+01 4.278023255813953369e+02 4.992471590909090651e+02 5.222309296781882040e+02 2.786076258992806061e+02 1.684414498141264005e+02 1.625956973293768613e+02 1.874397937224438238e+03 2.619204802899863580e+02 2.392406931964056582e+02 4.291009796533535336e+02 4.189434960737452798e+02 4.456977848101265636e+02 1.281808349851338107e+03 7.070796030405406327e+02 2.117971204188481238e+02 1.753622618466047697e+03 1.245696727961059878e+03 8.397233201581028084e+01 1.532108183079056403e+02 6.613815789473683537e+01 3.655543478260869392e+02 6.517329545454545325e+01
