# Historias completas obtenidas con el método de alfa-Feynman
#
# Cálculo de [cov_12/sqrt(mean_1*mean_2)] en paralelo
#
# Fecha de procesamiento: 20-11-2020 14:15
#
# Valor de dt [s]:
0.0004
#
# Número de historias:
50
# Tasa de cuentas [cps]:
# [promedio desvio_promedio ...]
[34560.48241929677, 1273.942773326306]
# Cada columna es una historia
#
2.319239913239451880e+02 1.480838603095827182e+02 1.068824425156080480e+02 6.073446522166105979e+02 7.083679459624033825e+02 3.277735644627914553e+02 2.128569086227508933e+02 1.982534240177139111e+02 1.045101594395203847e+03 1.070230185564393537e+02 1.326835181932368357e+02 1.894841952176599875e+02 7.519161362430839972e+02 3.747674162987586328e+02 1.123347177327195965e+02 6.446810632535300556e+01 5.033605334271524612e+02 1.228955531639986987e+02 1.007536275756283857e+02 1.356252018533887735e+02 1.933339203682469361e+02 1.348483568749785206e+02 2.089632937343768759e+01 4.722528185871748718e+01 1.412916297770006793e+02 5.568298446310499372e+01 2.927153353102648907e+02 3.281827866148018416e+02 1.658364110933848110e+02 2.636345955249564810e+01 6.095556736750891957e+01 6.046778402498944871e+01 1.563976205574181932e+01 1.536155151273614194e+02 2.277010366196469136e+02 1.368770463067730248e+02 3.321010281560712656e+02 6.078663967163454629e+01 8.171441415079574710e+01 7.216057827368668143e+01 3.921881261784939170e+02 1.355024598393560495e+02 1.713022284430667526e+02 4.489209071580358312e+01 1.435243768369573658e+01 8.504428249980743715e+01 8.962497075681709191e+01 2.462338684763905405e+01 2.573180699542358525e+02 1.419212397959966836e+02
4.077784073924514701e+02 2.739608606712092751e+02 1.983299279447574861e+02 1.194240461220028919e+03 1.395742137824098791e+03 6.346349445625691033e+02 4.012866189816519977e+02 3.780970702197627702e+02 2.060263789952763091e+03 1.986784329975766354e+02 2.365271842087844902e+02 3.641959286814191046e+02 1.474254983262312635e+03 7.279924732136220200e+02 1.989148739689804586e+02 1.088213309694716315e+02 9.834257919381019519e+02 2.264209972125701427e+02 1.841211031765583073e+02 2.504820461502235389e+02 3.456847779493910480e+02 2.592886159689201122e+02 3.108113016016245211e+01 8.087371221077455630e+01 2.429476516237187980e+02 4.358079732197209211e+01 5.739254946457233473e+02 6.339867086501378708e+02 3.126317867138025122e+02 4.059293778801833952e+01 1.070033799810249064e+02 1.122835483870965732e+02 2.420784457478008989e+01 2.711225989862398364e+02 4.126224023749700791e+02 2.443795828744852940e+02 6.352980904754704170e+02 1.081624900026660043e+02 1.468013037776338194e+02 1.271712269585247270e+02 7.663987605636990565e+02 2.022883170628190896e+02 2.997535638134608007e+02 8.161696394686867961e+01 1.639892781218231121e+01 1.500446489851947831e+02 1.351574831663014606e+02 3.284997598655237994e+01 4.779839506751713998e+02 2.626958864091204759e+02
5.605876610356531273e+02 3.843086405305247126e+02 2.788030640775213556e+02 1.761941459795697938e+03 2.093312790815626613e+03 9.052308317221518337e+02 5.802124399118266638e+02 5.203601440536569953e+02 3.073287656791959307e+03 2.912762582345180249e+02 3.297520983966973063e+02 4.993319556820156890e+02 2.218473299028016299e+03 1.053147867395357935e+03 2.737964038563908389e+02 1.574234397595255643e+02 1.398044563647983978e+03 2.959483175877550138e+02 2.536068594340346181e+02 3.498117083241173759e+02 5.015432724204710553e+02 3.464053960147842872e+02 3.197814791269340873e+01 1.116799760255252920e+02 3.559316653542977065e+02 6.078616352201266437e+01 8.391981565986400255e+02 9.158364338609250126e+02 4.456111655366448190e+02 4.515258874458875482e+01 1.198233115468406567e+02 1.461466505050500757e+02 2.511013161922251058e+01 3.755902721216304485e+02 5.151605749202452671e+02 3.210663134256787430e+02 9.730273996444325348e+02 1.391729693630514078e+02 1.837487120412147021e+02 1.691928646066576505e+02 1.117571515080851441e+03 2.565647049441787999e+02 4.349853052305725214e+02 7.494643850267368634e+01 2.297035686376659669e+01 1.976078044886557166e+02 2.252119741100322301e+02 5.231530190239868716e+01 6.349113883016191267e+02 3.681634456888795057e+02
7.048450605559542055e+02 4.604106083642049612e+02 3.536838536323768380e+02 2.332266289223026433e+03 2.741912182227545600e+03 1.216620465012767681e+03 7.102458866086459466e+02 6.727863363802669028e+02 4.023844908144260899e+03 2.929930780030698543e+02 4.166531844209617361e+02 7.019607299587593161e+02 2.786042690781537203e+03 1.357232815789764345e+03 3.501638931233063090e+02 1.375928050483377945e+02 1.852545012889153440e+03 3.033809579160140402e+02 2.840162021497890237e+02 4.190810317884202050e+02 5.797089153089394813e+02 4.288588271019406761e+02 3.616999260901703650e+01 1.272198720589417746e+02 3.330458796457206745e+02 4.634341005381884315e+01 1.052944057333837463e+03 1.167111227802118719e+03 5.739824627835326964e+02 4.650076655052264840e+01 1.560738615229288087e+02 2.018450442637757192e+02 1.403302218207368135e+01 4.815760423145250115e+02 5.997595954082394201e+02 4.453451919034595221e+02 1.191304986088616715e+03 1.693695790125951532e+02 1.996310213682921244e+02 1.803335736313023574e+02 1.486605756576137082e+03 3.519673940949931534e+02 5.326093978365935300e+02 1.266125939561283502e+02 1.784173131129593060e+01 2.495592375680593022e+02 1.645197726734537014e+02 3.194452892159838342e+01 8.759101531480428093e+02 5.008715255858440401e+02
7.104119378783751699e+02 6.086759722475261469e+02 4.225488979779453302e+02 2.774310752988008971e+03 3.403487694014847420e+03 1.437583029276722755e+03 9.095764757709249579e+02 7.487914561680723864e+02 4.894798297387272214e+03 3.908253977408481887e+02 5.172653312659758740e+02 8.620954141404773736e+02 3.460738298047581338e+03 1.579556130591977990e+03 3.391138907175773056e+02 2.375286594938162921e+02 2.307891174191943719e+03 3.253196077306878351e+02 2.774706983710915438e+02 4.761817518248178089e+02 6.722450400113633577e+02 5.029638533379459204e+02 3.740345368916796076e+01 1.662719224132803788e+02 4.753536274526575767e+02 6.488588674906579001e+01 1.249453061986130024e+03 1.499261621760165099e+03 6.832943248532287726e+02 6.113693877551020961e+01 1.798157262905162952e+02 2.454582857142854664e+02 1.468197278911564219e+01 5.545006047905042124e+02 7.582945924658964714e+02 5.648506115519207924e+02 1.465623993067975107e+03 1.832263450834879279e+02 2.078430489408013955e+02 1.885313536744751275e+02 1.676703740622212763e+03 3.503131490911039236e+02 5.516732752189506073e+02 1.026201626877164017e+02 1.702935500847902617e+01 3.181250232615853406e+02 1.939052159698839830e+02 4.733044938673717894e+01 9.236276637399130323e+02 5.652919807923169628e+02
1.039617880891863479e+03 5.382759958041360733e+02 4.781524761576469018e+02 3.312804905936468458e+03 4.067829150974731419e+03 1.608587109944666508e+03 1.039591113913768595e+03 8.705972906131024729e+02 5.993977207355744213e+03 4.391347344066329583e+02 5.528358958948927011e+02 8.654204811518304723e+02 4.212622641509434288e+03 1.900114863530262483e+03 4.899274402145451859e+02 1.548393382593343119e+02 2.151774528463679871e+03 3.076670597082828067e+02 3.186899646248369322e+02 4.654881550056373385e+02 6.954262813752376360e+02 5.312595745080189999e+02 3.855865597816818280e+01 1.666422764227644109e+02 5.544699432325426187e+02 6.366041570793066739e+01 1.627321897514549846e+03 1.612042200208950135e+03 6.731497568400341152e+02 5.520919860627173392e+01 1.610468874541686830e+02 2.411301246612467821e+02 2.685236511456023578e+01 6.323079877628556460e+02 8.223797447908254981e+02 4.096354731490698100e+02 1.727123508598699800e+03 1.916596676297338320e+02 3.103703994642904149e+02 1.795287306259764932e+02 2.204297440403574001e+03 3.587167362002566051e+02 6.720633266973625268e+02 1.352690674318507433e+02 2.455580403941576151e+01 2.966100279239872179e+02 2.685381837556241749e+02 5.155443926647706121e+01 1.025936245036869195e+03 5.704441018064987929e+02
8.557600157930186242e+02 7.018212550691918068e+02 5.320170286108235587e+02 3.882668884105737561e+03 4.608377782833370475e+03 1.712158459743290223e+03 1.181261745488292718e+03 8.728499026505022584e+02 6.858247450423079499e+03 3.920031984629293333e+02 6.300136071184127786e+02 1.035165763245321841e+03 4.656559533010749874e+03 2.214799081228518389e+03 5.759766648065476602e+02 1.926289227820809913e+02 2.711586508092615531e+03 5.657914319580062283e+02 2.932324391130496792e+02 6.768703649635027659e+02 8.788648085093557256e+02 7.446878477950067463e+02 3.563720279720279649e+01 1.770491555037856983e+02 4.769542010936813767e+02 6.314723383329231865e+01 1.739962039826190676e+03 1.903308815771207264e+03 7.983201043705155371e+02 5.193787755102040649e+01 1.596341269841269366e+02 2.698560253968252027e+02 1.704178272980501063e+01 8.209984838042738602e+02 1.076539607868723579e+03 5.600712641834729766e+02 1.896584768017303077e+03 2.351849271940182007e+02 3.310685472922009467e+02 2.296387403237158082e+02 2.368573557187827646e+03 3.557303947368421859e+02 6.990256241505117032e+02 9.953362533692724412e+01 2.003405648792467986e+01 2.700235345201909354e+02 1.473158460471564695e+02 2.742579266120409542e+01 1.085479144518272960e+03 6.160541680672271241e+02
1.076267705371111106e+03 6.018020457020587628e+02 5.736891048223319558e+02 4.080546833404570407e+03 5.317568779306829128e+03 2.200006181262916471e+03 1.220227592980429108e+03 1.137312208377281650e+03 7.764831262895049804e+03 5.562637830008557103e+02 6.841720447481512792e+02 1.315723641929834230e+03 5.057026265283840075e+03 2.447782277406470257e+03 4.959347891051913848e+02 2.555173009192491804e+02 2.819401139544182570e+03 5.863449133452261322e+02 3.315120235290186201e+02 5.966825655139401761e+02 8.881904281105530572e+02 7.252490073666336912e+02 3.343432305399519322e+01 2.225101731002413601e+02 5.686955784883585920e+02 6.399619025629183966e+01 1.685483534669730716e+03 1.748542595132090810e+03 8.539403448361899791e+02 4.839203747072598105e+01 1.796156648451730860e+02 2.840596867030967019e+02 1.402266747621939835e+01 8.635934629594066791e+02 9.409505651039428358e+02 6.461260150362005561e+02 2.157774090725760288e+03 2.311516205271791762e+02 2.849206813578687729e+02 1.730934749253008249e+02 2.490978701161441222e+03 3.699030198446936311e+02 7.294242757578991814e+02 1.258376894525208343e+02 1.754690215604302495e+01 3.946789742056566865e+02 1.619668152156613985e+02 4.268067536077833779e+01 1.206039153640869017e+03 7.924458630665380952e+02
1.087036156638566354e+03 8.297897295803047655e+02 5.986184699983825794e+02 4.559584263808804280e+03 5.908073354253860998e+03 2.392011530510408647e+03 1.394393946810246462e+03 1.126940553603403714e+03 8.470608333776999643e+03 5.517491888335651993e+02 7.397966385276450865e+02 1.019253327116240598e+03 6.286649271280030916e+03 2.322350821768152855e+03 5.023621399176954014e+02 2.641573205475643817e+02 2.921952439752890314e+03 5.736085463223158740e+02 2.954470872503493410e+02 4.859135351896907764e+02 7.392798831313909886e+02 7.200784682988072518e+02 3.762678062678062219e+01 1.998638375985313473e+02 5.001355023646165705e+02 6.582792123109027216e+01 1.585419951207038139e+03 1.939397650472480336e+03 8.167736061784764843e+02 5.956243386243389182e+01 1.473046477850399185e+02 2.378146502057611826e+02 1.500502972107910438e+01 6.406399673277693410e+02 1.195505730210686352e+03 5.125859271835499840e+02 2.311519597355933911e+03 2.171159745604189482e+02 2.571226680746215720e+02 1.898917624521070877e+02 2.727595306103017720e+03 3.671585594811401734e+02 5.777799013334814617e+02 9.304887316561837451e+01 2.022381407195160818e+01 2.850361927276820779e+02 2.680458468176915403e+02 5.182414334534031042e+01 1.098868432385874257e+03 7.633676470588234224e+02
7.160378208292202089e+02 7.479920405121439444e+02 6.926078135381245602e+02 5.112273260347592441e+03 6.231724050420350977e+03 2.299881671836559235e+03 1.677101376160263044e+03 1.272068831829642022e+03 9.451718635181083300e+03 5.549837168617955285e+02 7.857302463211767645e+02 1.559812106505771453e+03 6.904026164828711444e+03 2.406877719106219956e+03 3.347724693168241856e+02 2.450985300272023437e+02 3.767266823651893446e+03 3.105061284440844247e+02 3.636299694189603997e+02 5.295052919708028867e+02 1.030332577515292087e+03 9.668891627996903253e+02 3.334666666666665691e+01 2.178275584795322288e+02 4.564358104958985223e+02 6.457387030516429149e+01 1.710148665352360695e+03 2.500217032967032992e+03 1.218148231323589243e+03 7.525333333333330188e+01 1.815014637799563957e+02 2.385155555555554940e+02 1.382613168724279262e+01 9.144794394670353768e+02 9.882315935739300130e+02 7.495868478158311063e+02 2.589091276213219317e+03 2.455252142638507280e+02 2.380954989440337215e+02 1.978877514367815706e+02 2.941631501285648483e+03 3.436155913978494141e+02 8.359076897018973114e+02 1.025606465005931085e+02 1.474260958205912253e+01 3.587666962174940863e+02 2.930140574433659140e+02 5.151142975893598930e+01 1.496772589631784285e+03 7.835091053921570392e+02
6.402948328942304670e+02 7.456304099091310036e+02 6.956106172039869762e+02 5.788024116272097672e+03 6.908841623357629032e+03 2.079867806594604644e+03 1.588831958350020159e+03 1.117448671557450098e+03 1.020382693109478168e+04 6.662483759679967079e+02 7.844268247153256652e+02 1.629648532006548976e+03 7.120155529316929460e+03 2.188226216769575785e+03 3.747935217275393143e+02 2.082588265393143274e+02 3.753513775391602849e+03 5.993833254260788408e+02 3.682883653044202674e+02 8.395379893828802551e+02 1.064483854576134263e+03 9.662705736097494764e+02 3.440559440559439253e+01 1.884976146302678615e+02 4.528889354568312910e+02 6.202120678617157523e+01 2.028132063308962188e+03 2.132626434789700397e+03 9.211027397260273801e+02 4.998019480519480595e+01 1.641981951871658225e+02 2.353545454545454731e+02 1.768434343434343603e+01 9.494580383434622490e+02 1.263806898627748524e+03 8.784433554560890798e+02 2.347882554251475995e+03 2.477466190833960411e+02 2.860945809734087106e+02 2.460778381101658283e+02 2.792235558435488201e+03 3.493358070500927397e+02 6.994294737560886688e+02 1.546305210120068523e+02 1.590961187809325494e+01 4.976843050566454849e+02 2.058312555163283548e+02 5.729199727952847354e+01 7.859140459830871350e+02 8.110602272727270474e+02
1.105874119776242424e+03 6.744546147084674885e+02 7.457377626843142480e+02 6.487548801911557348e+03 7.062604277171085414e+03 2.010507370869425358e+03 1.753726929855481103e+03 1.402942167577413329e+03 1.074630435576243326e+04 5.577578118691966438e+02 8.522091582122294540e+02 1.004294736842105635e+03 7.048954240563891290e+03 2.864920378039401839e+03 4.908714565004888755e+02 1.435265370138017715e+02 3.716630401849393820e+03 3.000353727714750107e+02 3.190576197757389991e+02 7.861540024330899996e+02 7.667186247627081457e+02 7.132691341321997243e+02 3.700814285714285745e+01 2.449067836257310375e+02 5.500486169321037551e+02 6.265669014084509314e+01 2.373582151520805837e+03 2.461027476265232053e+03 1.293574185692541732e+03 6.852835714285713209e+01 1.747984885620915350e+02 2.328914222222222179e+02 1.637314814814815023e+01 9.096178497587879974e+02 9.821569209684788575e+02 6.921413246532687253e+02 2.819932044631093959e+03 2.983143021120292815e+02 3.450811510031678608e+02 2.336011391625615659e+02 4.364502898550724240e+03 3.669621132323896973e+02 6.708672059192375627e+02 1.393148584905659959e+02 2.155071633237822581e+01 4.294258105369808618e+02 2.886938713592231807e+02 5.409189526184540142e+01 1.085245421511627910e+03 8.123051764705882078e+02
6.584498138646625875e+02 8.372079489392705227e+02 6.963282190487431080e+02 6.691111699098978534e+03 8.272075168671874053e+03 2.039718117197558968e+03 1.814803167043695566e+03 9.456774931965775295e+02 1.192670481049877162e+04 4.332917544108500465e+02 7.829941728175812159e+02 1.084489359791685501e+03 8.035216199317599603e+03 2.543208012410353604e+03 3.748339541887929158e+02 2.657782562989589223e+02 3.267883752950433973e+03 5.922643778130503733e+02 2.506147340000551935e+02 7.056473334648518403e+02 7.582931186829099488e+02 6.447191937700414428e+02 3.311699111699112308e+01 1.871146677599419661e+02 4.427645499648851910e+02 6.539493719071184330e+01 2.649633332156564848e+03 2.698311325005202434e+03 1.529156279567238698e+03 5.722254826254826554e+01 1.801530648295353387e+02 2.647426306306305150e+02 1.989389389389389251e+01 5.735033620802055339e+02 1.082642476685409065e+03 8.439404242952631421e+02 2.402772593739985496e+03 2.717205718114809656e+02 2.941108764519535725e+02 2.331023166023166766e+02 3.691808801789166409e+03 3.573201786381509351e+02 6.243292370988915536e+02 1.655118561958184671e+02 2.037543560752730087e+01 4.106431994304336399e+02 2.879114405667803567e+02 4.645683089573365265e+01 1.489136046511627455e+03 8.250437201907791405e+02
1.089406170760505574e+03 8.288042119061377662e+02 8.009601084190270512e+02 7.352153168083350465e+03 8.651956821066956763e+03 1.906177389214322830e+03 1.238472558004520124e+03 9.733943583448143499e+02 1.308149895895279951e+04 6.675059725949316771e+02 8.124078130292422202e+02 1.080575859514844524e+03 7.524777569349700570e+03 3.609269035338665617e+03 5.998288195043412543e+02 2.722062331523946455e+02 2.735830924667343879e+03 5.974013728668128351e+02 3.326153984529591412e+02 8.133269643623874572e+02 9.135103663908088265e+02 1.180334607160729547e+03 4.056764705882353184e+01 2.488474372205022291e+02 4.385326194236083097e+02 6.063815244407621918e+01 2.908245013363966336e+03 2.212290824021916251e+03 1.567408809199685038e+03 4.876176470588235645e+01 1.553671184159938434e+02 2.629450980392155657e+02 1.908206245461147077e+01 9.159259131633365314e+02 1.031327587133528368e+03 7.118738782238056046e+02 3.529282623227156819e+03 2.397822341057635640e+02 3.394306789241567230e+02 2.351513691683569220e+02 4.710382153562688472e+03 3.629471401463811162e+02 8.331616152558585782e+02 1.576744121135998569e+02 1.926047850332793843e+01 3.286497705465164927e+02 1.405099942889777083e+02 3.191213143611560099e+01 1.080149025307797729e+03 8.175356401384084393e+02
1.084183857049820972e+03 8.297084552905020018e+02 8.298565056883475108e+02 7.488565678215658409e+03 8.393305349946373099e+03 2.242825966370830884e+03 1.722914719162995652e+03 1.290994325926935744e+03 1.348276923044013893e+04 5.866001211142515785e+02 9.498655287474330180e+02 1.918625797779332515e+03 9.521209127920195897e+03 2.492025059851037895e+03 6.506438172043010582e+02 2.648536585365853853e+02 3.167194021685680582e+03 2.993153352067442938e+02 3.613325688073393280e+02 5.831943886861315605e+02 1.074518126450115915e+03 9.483821504237291720e+02 3.055673076923076437e+01 2.625279518950437705e+02 5.830765402347024065e+02 6.203609154929576874e+01 3.090234488710580081e+03 2.138581071989235625e+03 8.957103881278541166e+02 7.040008928571428726e+01 1.931014093137254122e+02 2.318486666666666167e+02 1.776273148148148096e+01 9.023223638869740171e+02 1.277890585750171567e+03 6.687787033106963008e+02 2.626752669094051271e+03 2.668513257575757507e+02 3.340353088701161823e+02 2.224520089285714732e+02 3.462393155526992814e+03 3.610882159315340232e+02 8.248166781422131635e+02 1.696730542452830264e+02 2.092532234957019810e+01 3.530232712765957785e+02 2.687081310679612329e+02 5.535162094763092000e+01 8.910204760174419789e+02 8.112552573529412712e+02
1.116638877147347330e+03 6.394609794166422034e+02 8.450262161955107558e+02 7.178411496495653410e+03 1.005378784274215468e+04 2.659979794429354570e+03 1.711373856093979612e+03 1.072789682539682417e+03 1.418894172675002847e+04 5.423178580990633009e+02 1.019198485055897322e+03 1.557925033514017741e+03 8.209533303023412373e+03 3.301766692281925316e+03 4.914770833333334394e+02 2.591506084181128813e+02 2.846473170731707341e+03 5.649241726237755756e+02 3.590952769283045996e+02 6.687406812652066037e+02 8.969921394923711659e+02 1.271449698369913676e+03 3.728083916083915739e+01 2.169456804503979299e+02 5.376451895315265119e+02 6.314084507042254302e+01 3.142598892828263160e+03 2.632531514290698397e+03 1.597688706240486681e+03 6.883790476190478103e+01 1.959392701525054576e+02 2.790731851851850820e+02 1.435226337448559519e+01 9.323490236618422387e+02 9.173635989952041427e+02 6.016392389563908409e+02 2.408486837269261287e+03 2.088520355065809895e+02 3.167443857796550333e+02 1.654706075533661362e+02 4.679244833761581503e+03 3.574218421052632380e+02 8.231177933567020091e+02 1.471506289308175610e+02 2.078567335243552705e+01 4.497378926038500140e+02 2.815383495145632082e+02 4.077622610141315107e+01 1.192765833333333376e+03 8.102368039215687077e+02
1.008170747740344837e+03 9.125092294169351135e+02 8.440010684287524327e+02 7.859360462600601750e+03 8.788104449892281991e+03 2.840455764853262735e+03 1.274028127084827702e+03 1.475743927467331787e+03 1.614279570975491151e+04 6.457954322625295163e+02 9.278967438126568368e+02 9.749168186246347432e+02 8.190794382998768015e+03 3.689394337057398388e+03 6.252788251175348933e+02 1.974861086216168360e+02 3.318692074498727379e+03 5.836148413984716399e+02 3.574313382845492129e+02 6.300871220020853798e+02 8.629887154608730953e+02 9.142476006618861675e+02 3.794637855142057248e+01 3.187988721804510419e+02 5.754761505608109928e+02 6.181212273641853727e+01 3.139380561405379012e+03 1.877767116265658387e+03 1.229369863013698705e+03 8.875418367346938453e+01 1.728872549019608016e+02 2.925690793650792330e+02 1.754739858906525996e+01 8.304850841783990063e+02 1.160628192999053908e+03 8.283448101572923861e+02 2.848753640833804639e+03 2.825197428833791946e+02 2.124720923216171684e+02 1.793647959183673208e+02 2.853660622453749966e+03 3.370375246872942512e+02 8.350905465340869114e+02 1.552796495956873173e+02 1.977056897257470069e+01 4.899326964828484847e+02 2.862938626907074990e+02 4.745938724617028015e+01 9.002595514950164670e+02 1.632061071428571722e+03
1.182736622487158684e+03 9.199752747252747440e+02 8.748188148589698585e+02 7.928058670947641076e+03 9.006425252010083568e+03 2.937058621201013011e+03 2.433955024567268993e+03 1.340029436925881782e+03 1.597745743056067840e+04 6.002561548041002197e+02 1.200354411423509418e+03 1.024839212204374917e+03 1.274176683006607527e+04 2.662151865477957926e+03 4.617308820212045362e+02 2.720050433334964737e+02 4.699641828698704558e+03 5.822147734713603313e+02 3.386711362032461921e+02 5.529297024143741055e+02 6.793956579097380200e+02 6.937133678386578595e+02 3.864230769230768914e+01 2.354558371040723728e+02 5.096838730500268184e+02 6.106727371568361917e+01 3.157785363528698326e+03 3.074094036262011741e+03 7.849946828445612255e+02 5.294043956043957166e+01 1.795192307692307736e+02 2.261470769230769804e+02 2.042307692307692335e+01 9.736082277474419016e+02 1.137102944793899496e+03 7.035493914520239969e+02 3.595291668385234516e+03 2.351541640178002694e+02 2.884672650475185378e+02 2.102920140204623181e+02 2.730819775596073669e+03 3.600903098220171614e+02 8.522879608905643636e+02 1.699797125950972259e+02 1.864899178491412002e+01 4.099817629179330538e+02 2.583516616878266632e+02 5.426222904277767611e+01 1.056300111806797986e+03 9.368211312217194973e+02
1.078478111364376673e+03 8.650092587166715248e+02 1.175753132613192747e+03 7.761340736353232387e+03 9.363544726185446052e+03 2.804767966636368328e+03 1.231986474008810774e+03 1.196962297346419746e+03 1.464513910603053046e+04 4.663412838110619418e+02 1.251691455167693903e+03 1.008157691904178819e+03 9.222849669755018112e+03 2.901148610273688519e+03 6.588198370804823298e+02 2.688999247176914764e+02 3.897975003933911012e+03 5.959399839098953180e+02 3.476324159021405649e+02 9.041410608272507261e+02 8.520145117063909765e+02 9.060263790446841767e+02 3.496872727272727133e+01 1.644387864644107538e+02 5.667016485051690324e+02 6.647070422535213652e+01 3.142053621944392944e+03 1.850093216715257540e+03 7.770744596651446727e+02 4.963588571428572749e+01 1.941120261437908141e+02 2.608258844444443980e+02 2.204839506172840657e+01 6.471443969676084862e+02 1.253064809317195568e+03 6.637253423882284551e+02 3.723077786561265839e+03 2.024659320477501296e+02 2.799479197465681750e+02 2.670871921182266533e+02 2.729045684899486332e+03 3.491522843976300692e+02 7.836402003004506014e+02 1.140600000000000307e+02 1.639197707736389731e+01 4.911232826747721560e+02 2.594436893203885006e+02 4.664897755610972041e+01 1.474225953488371715e+03 7.825166117647059991e+02
1.075293501574571565e+03 8.865793082216822540e+02 8.615491453427819124e+02 8.224581444839890537e+03 8.937636290397807898e+03 3.169083261645207131e+03 1.896349655431650262e+03 1.457829200552974726e+03 1.852702240841603634e+04 6.828679245283018417e+02 1.200234864879366114e+03 1.526980747296865729e+03 7.431937634594699375e+03 3.075418956181883914e+03 6.508317395554422546e+02 2.730426877470355862e+02 4.350099867040921708e+03 2.858781466878379547e+02 3.388731551655365024e+02 9.091928851831081602e+02 1.007166543846720856e+03 1.262109629131275824e+03 3.031125209927225228e+01 2.938628269836794971e+02 4.081916557859156569e+02 6.128391457981255996e+01 3.169822199719073978e+03 2.581321613341719058e+03 1.225059592117991770e+03 6.758236024844720191e+01 1.777706734867859950e+02 2.221602318840579926e+02 1.866765378920446850e+01 8.771219790104950107e+02 1.240619150310559235e+03 7.870450319366692611e+02 2.693087941926794883e+03 2.461004910767756826e+02 2.045743271221531927e+02 2.407575497965302702e+02 2.824698396243673415e+03 3.563164128059784730e+02 8.272566082961581060e+02 1.652833803416529008e+02 1.654037267080745366e+01 4.815957446808510554e+02 2.871029970451668305e+02 5.287303480429362423e+01 1.487857360793287398e+03 7.897713736052327249e+02
1.005584126508281429e+03 9.142354230132008297e+02 1.091772588496520029e+03 8.868705830077477003e+03 9.242510379942845248e+03 3.365645994502258873e+03 2.287752957630604215e+03 1.427992578335126154e+03 1.620361313324951698e+04 7.014816733978512957e+02 1.335295015145282832e+03 1.869273474514293412e+03 9.963407248541354420e+03 3.638893715983784659e+03 6.431967771557214064e+02 2.636001737116386607e+02 4.598160826763722071e+03 5.476791509680310810e+02 3.420022704105273874e+02 7.597100820814619055e+02 1.009023454198840682e+03 1.265312572533849334e+03 3.708090909090909548e+01 3.028919049148731801e+02 5.524829068525207276e+02 6.294539029874719205e+01 3.290101852326078188e+03 2.918997423049391273e+03 1.590893616432288809e+03 6.299623376623378590e+01 1.894810606060606517e+02 2.865249292929293006e+02 2.056032547699214064e+01 9.750673040752357110e+02 1.007905955396818968e+03 9.008604651162791015e+02 2.264969523902821948e+03 3.001508473161365487e+02 3.169759980759980635e+02 2.162211710703089125e+02 4.629606060606060964e+03 3.555018423437028332e+02 8.376000278435191149e+02 9.842091242091241554e+01 2.086452184179457348e+01 4.903590310398822680e+02 2.865803177405118731e+02 4.918612559510316373e+01 1.040110332980972544e+03 7.852032448377581204e+02
1.077753762807678868e+03 9.534549144760785566e+02 7.095470459640939680e+02 1.138072326931607131e+04 1.199555427407572279e+04 3.392328896425038693e+03 2.339495116594233423e+03 1.366910499139414696e+03 1.971003970318786014e+04 7.047244242206521676e+02 1.309726180683405801e+03 1.888063408784290004e+03 1.454389340328252365e+04 3.830866233022903998e+03 6.402628434886498781e+02 1.984872844108999743e+02 3.945543146041594810e+03 5.798277732573909589e+02 3.388275811853793584e+02 8.707519175066618118e+02 9.908106129364069830e+02 9.366759878419452434e+02 4.132272108843537950e+01 2.309515396264512788e+02 5.415914674767500401e+02 8.136648157496213685e+01 3.285531588076462413e+03 2.560735405831615935e+03 1.585025172553795983e+03 5.727346938775509955e+01 1.769335511982571063e+02 2.671668148148148134e+02 1.659082892416226329e+01 9.700855172413795344e+02 1.191765254845656727e+03 8.749047078842880865e+02 3.564412628255721756e+03 2.303227513227512873e+02 3.220811791383220566e+02 2.689588318085855576e+02 5.644512500278277003e+03 3.450478073892707016e+02 7.948257128272441605e+02 1.736388162102447268e+02 1.596178147634458355e+01 4.807075312394462117e+02 2.850018492834026915e+02 5.277567984799905787e+01 1.470361184939091800e+03 7.705024582104226738e+02
1.182635696619950522e+03 8.629117283950618003e+02 1.186585662282762087e+03 1.023156071291414992e+04 1.376639035529694775e+04 3.508189341252700615e+03 2.252749764705882626e+03 9.427004068047336887e+02 1.760065966726003535e+04 3.877433361274100321e+02 1.309229288358699932e+03 1.116775918153200564e+03 1.243894413052129676e+04 3.001020234499912021e+03 6.154100684261975402e+02 2.813281528662419646e+02 4.342310134436401313e+03 5.761160853508412174e+02 3.257475535168195506e+02 9.556608177172062142e+02 9.064271340817623468e+02 1.160509516441005871e+03 2.924699999999999633e+01 2.099810954063603106e+02 5.352277839955232821e+02 6.345618374558303287e+01 3.275804338028169695e+03 2.453899370078740503e+03 8.571252740560292978e+02 6.402599999999996783e+01 1.794578431372549403e+02 2.873282666666667637e+02 1.290648148148148167e+01 5.247472413793104806e+02 1.224113819095477766e+03 7.531191151446398635e+02 2.637259396551723512e+03 1.716986225895316238e+02 3.149233333333333462e+02 2.238969827586207373e+02 3.315971984572230213e+03 3.514599999999999795e+02 8.627032924961713434e+02 1.703230769230769397e+02 2.023409090909091290e+01 4.842351063829788131e+02 2.796861650485437281e+02 4.984987531172068742e+01 7.308015406976745680e+02 9.308440707964603007e+02
1.142246285570384998e+03 7.079219726554916861e+02 1.004680354008553763e+03 8.514568913111832444e+03 8.812029123422951670e+03 3.552158850743465337e+03 1.763906719247686851e+03 1.462658887263992256e+03 1.786010640907218112e+04 5.937239324726911036e+02 1.297720842624866918e+03 1.916312972883415341e+03 8.206404142286337446e+03 2.950519764502746966e+03 4.667199670731079095e+02 2.703369788106629699e+02 4.616923223259803308e+03 5.681434896227027593e+02 3.056397338913030808e+02 8.685784478231353205e+02 1.055605709188224637e+03 1.258441616614068835e+03 3.261636924930351711e+01 3.150391712929937285e+02 4.941252049573836871e+02 6.618281569648500806e+01 3.272141523982758827e+03 2.902304254570162811e+03 1.580724746948137636e+03 8.528270676691728625e+01 1.762438940488476078e+02 2.793328654970759999e+02 1.802085709630112831e+01 8.796511796733211668e+02 1.169563789473684210e+03 9.067165716332806369e+02 2.891582247610969262e+03 2.902792035184379529e+02 3.118036758563073931e+02 2.470420015556130693e+02 4.658341207155335724e+03 3.756569939050101539e+02 6.549420219768409197e+02 1.548417187399342936e+02 1.914627477785372633e+01 3.990587639311042381e+02 2.780357690342361252e+02 4.805880036750231454e+01 1.480911357340720087e+03 1.616019406924390751e+03
1.479033386531652923e+03 1.031601611888921980e+03 9.382547106984760603e+02 1.365055982607345686e+04 1.402788975001899598e+04 3.669227877171538694e+03 8.395777533099527545e+02 1.490009519261381229e+03 2.360154016543931721e+04 6.569515960973761821e+02 1.173390420457489199e+03 1.125430737824438665e+03 7.357954253941174102e+03 2.410783143714940252e+03 6.019412936404462471e+02 2.541472330588064779e+02 2.760244456483670547e+03 6.008671686059778949e+02 2.959149891959513639e+02 8.680758768016006570e+02 6.827612017612017326e+02 6.077491830065359864e+02 2.892274678111587249e+01 2.675305867665418305e+02 5.389819128699286921e+02 6.098527679623086328e+01 3.290445073612683245e+03 2.724809946437469080e+03 1.546747419179569988e+03 8.895352950635147238e+01 2.943853485838779989e+02 2.798482962962962119e+02 1.409803921568627239e+01 9.391412643678161203e+02 1.199419199999999364e+03 6.398930484653682242e+02 1.758274956533148952e+03 2.551774308744004998e+02 2.844405055849499604e+02 2.222370781132333093e+02 5.563552503409313431e+03 3.780033988832240084e+02 6.286470137825419897e+02 1.829834428024082342e+02 1.689542483660130046e+01 4.749664920876274437e+02 2.770881877022653157e+02 3.902632308118592164e+01 1.450525282086300422e+03 1.604950544405089659e+03
1.109952404211440353e+03 7.238288895399940657e+02 1.003934012615235247e+03 8.984453710559182582e+03 1.129335348709559366e+04 3.530025189066519488e+03 2.393760969162995480e+03 8.391954137889250660e+02 1.881308865159224297e+04 6.640794419773020536e+02 1.220578583922731696e+03 1.859115909929863392e+03 9.198055186090425195e+03 3.742275193263843903e+03 6.358417870460881431e+02 2.739926111808169367e+02 5.233558139916075561e+03 5.750040672208814385e+02 3.568632914259825952e+02 8.571214922952149209e+02 1.042374862312217601e+03 1.249029233008046504e+03 2.939176379176378617e+01 2.496132503565408456e+02 5.195332339883890427e+02 6.857335680751172902e+01 3.248916879185585913e+03 2.771892992117481754e+03 1.498009639776762924e+03 5.189920634920633802e+01 1.802559912854030131e+02 2.484724938271604913e+02 1.821810699588477078e+01 9.065215943027794765e+02 9.990246885387327893e+02 9.650304659498207229e+02 4.730348768481920160e+03 2.569647995102540108e+02 2.625634753021236065e+02 2.692149014778324840e+02 3.616191509531971860e+03 3.460484236705434569e+02 6.260838201747064886e+02 1.576774109014675105e+02 2.388697866921362944e+01 3.862433299560959199e+02 2.765809061488673137e+02 4.415405929620393266e+01 1.458489954780362041e+03 7.737389542483662126e+02
1.107794229183841480e+03 9.926065981948335093e+02 6.637485444336240334e+02 1.277234155987880695e+04 1.360985009635679853e+04 3.472585885376962779e+03 2.384317581578085992e+03 1.389459263231272189e+03 1.781015438458006975e+04 6.738316606841987095e+02 1.298635929611767551e+03 1.109082587494599011e+03 1.329764606232464939e+04 2.833097075884928927e+03 4.664164222873900485e+02 2.521050660875426104e+02 4.467138129708966517e+03 5.795533036076203643e+02 4.434705882352940876e+02 5.296282524688706417e+02 6.992193645614078150e+02 6.665878258495972659e+02 2.723092436974790331e+01 2.227645674740484480e+02 5.282767914438502430e+02 6.399314071918520597e+01 3.260326323695081555e+03 2.470366344339933676e+03 1.567331231640036776e+03 7.265747899159664769e+01 1.730813148788927265e+02 2.803124705882353283e+02 1.649019607843137081e+01 9.364073053066853163e+02 1.197586569209684967e+03 7.311555252160303553e+02 3.442423750197130175e+03 1.903339815264948811e+02 2.879353375986086121e+02 1.922973051289480964e+02 5.607350878640376322e+03 3.674661289697157258e+02 6.847155211242228461e+02 9.980736910148674212e+01 2.126099371787549686e+01 2.389678169139995418e+02 2.530599657338663349e+02 4.907261258618162714e+01 1.458842407660737990e+03 1.613002006920415624e+03
1.173554962052466408e+03 8.366068185201727374e+02 7.726359244684600753e+02 9.688058979734450986e+03 1.119354173043732953e+04 3.570268635937586168e+03 1.009550238341373870e+03 9.562270296084051324e+02 2.521635885293043975e+04 7.150492230736484771e+02 1.264351378222709627e+03 1.872025236179146304e+03 1.527998896076201345e+04 3.421231756636643695e+03 6.202017193611471839e+02 2.822303315994798254e+02 3.174265440307328845e+03 5.901100102669403213e+02 5.066503966223132807e+02 8.595421331224139294e+02 1.097006754609027439e+03 1.252169407894736878e+03 4.196477110157367463e+01 2.149081904198698396e+02 3.733704041538028946e+02 7.288604240282684543e+01 3.237280577576444557e+03 2.076965029896720807e+03 1.569043856968215096e+03 4.842221418234441188e+01 2.692343750000000000e+02 2.465449999999999875e+02 2.131578947368420884e+01 8.720731465517242214e+02 1.160632799999999861e+03 6.421512336925693489e+02 2.553463744977038004e+03 2.407864439853076135e+02 2.969173941798941883e+02 2.192603974121995520e+02 4.595582291057859948e+03 3.857693918426803634e+02 8.388051620724859276e+02 1.765775862068965694e+02 1.952083333333333215e+01 2.905436296859169261e+02 1.462442354368931774e+02 2.447381546134662500e+01 1.027194029850746347e+03 7.960178571428572241e+02
1.127852896466721404e+03 9.496467733665397191e+02 1.245062377747094615e+03 1.453166623897826139e+04 1.573213194309022583e+04 3.400069190460912978e+03 2.379041578553175896e+03 1.353139627659574444e+03 2.513900489139115234e+04 6.728341239402501515e+02 1.264277960526315837e+03 1.660917970799090426e+03 1.535270085123920217e+04 3.651682922503990085e+03 6.226103779732812882e+02 2.438996235884567056e+02 5.066781585030000315e+03 5.251770664505670538e+02 5.348141564729868378e+02 9.092520377128953442e+02 9.492415893271462437e+02 1.250350916988417111e+03 4.302380952380952550e+01 2.085959064327484782e+02 5.758624615814472918e+02 7.356227992957745698e+01 3.234240343347639737e+03 2.988092462809299377e+03 1.241866590563165801e+03 7.777749999999998920e+01 2.644479166666666856e+02 2.769844444444445344e+02 1.620640432098765160e+01 4.516856047553410463e+02 1.067167503996346341e+03 8.836371001981320887e+02 4.681697165266798947e+03 2.354105257116620749e+02 3.010339229144667570e+02 2.621481681034482563e+02 5.224163335670874403e+03 3.388824061882817773e+02 7.519530858788182286e+02 1.692979068396226410e+02 2.384921203438395310e+01 3.005765577507598323e+02 2.794796723300971735e+02 4.121945137157106132e+01 1.455929614825581211e+03 1.601746875000000045e+03
1.491107474014189165e+03 8.443968923636721229e+02 1.214806231407546647e+03 8.372999834631822523e+03 8.545126320351950199e+03 3.601903477853461482e+03 1.948542644892731460e+03 1.333920544893217539e+03 1.872696656244532278e+04 6.365584905660377899e+02 1.206349430961195822e+03 1.946757537600559544e+03 1.483501432660411410e+04 2.312763656461578194e+03 6.142273487563810477e+02 2.812032900432900533e+02 4.303796910753269913e+03 2.552098481739844260e+02 5.379057424396874012e+02 4.955756307292933798e+02 9.984757062146892395e+02 9.271410960670535815e+02 2.699494515975202802e+01 3.001236692201924825e+02 5.254356066984751124e+02 7.056042402826854243e+01 3.253439869772101247e+03 2.633304951521749899e+03 1.569924291374580889e+03 5.619314285714285262e+01 1.719185185185185105e+02 2.075351703703703663e+02 1.611434468524251784e+01 8.592839540229884960e+02 1.177256807619047549e+03 8.605556059746643314e+02 1.852647981197011632e+03 2.369586164677073725e+02 3.074189065255731634e+02 1.816495894909688218e+02 5.588737883746299303e+03 3.710518086914299261e+02 8.408291645397310958e+02 1.705478580171358658e+02 2.060000000000000142e+01 3.120314083080040746e+02 2.787229773462782987e+02 4.951620947630922842e+01 1.463599766081871394e+03 7.846027531956735857e+02
1.110302953449303686e+03 9.607324748804994670e+02 1.041297801271738308e+03 1.431918930641996121e+04 1.613339032576077625e+04 3.568772888817879902e+03 2.359497785609397852e+03 1.302836859323882209e+03 1.817525045785038310e+04 3.979040963855421751e+02 1.232285685603467982e+03 1.865434633094363789e+03 1.187456365840721264e+04 3.631680242753837319e+03 6.233770833333333030e+02 1.172001595850787936e+02 4.734298714922633735e+03 4.073519195128408796e+02 5.441230716955486741e+02 9.081035847526358111e+02 9.650110947057581825e+02 1.238082813502759564e+03 2.987431235431235166e+01 3.058082702387886229e+02 5.147741454782527626e+02 6.219624413145540132e+01 3.227565515954469447e+03 3.086300525778076917e+03 8.447713444951800739e+02 8.259161904761904793e+01 1.790209150326797385e+02 2.761640296296296242e+02 1.552345679012345769e+01 9.279908568803124354e+02 1.174238532389434340e+03 1.014842949985871655e+03 4.455352697550673838e+03 2.356333639424548494e+02 2.602915170714537112e+02 2.116607553366173988e+02 2.574774227205481566e+03 3.294070175438596380e+02 8.056424303121348203e+02 1.549798742138364673e+02 2.241298949379178396e+01 2.775252279635258787e+02 2.799139158576051614e+02 4.742011637572734628e+01 1.429619534883720917e+03 1.599286745098039319e+03
1.233855092276144887e+03 6.259393294417634479e+02 9.734135744480973926e+02 1.189440308742719208e+04 1.249630636128061269e+04 3.638721769148789008e+03 1.859939892960065890e+03 1.463061505094733093e+03 2.620904333934317765e+04 5.727367475292003292e+02 1.186729682082623640e+03 1.546360665567381147e+03 8.209747349608025615e+03 3.080273532472146144e+03 6.196862170087975983e+02 2.583910018552875840e+02 3.405932676276301663e+03 5.442686558414912952e+02 5.465100480559195830e+02 8.841415707680004061e+02 9.736897699757870441e+02 1.241924012158054666e+03 2.895340282035560264e+01 3.080713022981732365e+02 5.097955976103605167e+02 6.925795053003531621e+01 3.246453901470430083e+03 2.627194820345309836e+03 1.556893368746463011e+03 5.625306122448979096e+01 3.121789215686274019e+02 2.733238095238095298e+02 1.892171605484299235e+01 9.276261083743843301e+02 8.054860408163264083e+02 6.517014423466495145e+02 2.820324477461596416e+03 2.174830775285320783e+02 3.129104308390022311e+02 2.459569845179451306e+02 5.580835754357843143e+03 3.795543647903444366e+02 7.349736381535769851e+02 1.529050533310019091e+02 1.895269016697588071e+01 4.237370820668693341e+02 2.762073509015256150e+02 4.706982543640897632e+01 1.138490601503759308e+03 8.096618204804044581e+02
8.618184863004140652e+02 9.414381259016118975e+02 1.159873247529303626e+03 8.560262473677630624e+03 1.020495711824981299e+04 3.503652419650494721e+03 2.379475204531151121e+03 8.896733525471257735e+02 2.992064557073427204e+04 6.633141472979989430e+02 1.137113523027280735e+03 2.156888042365049387e+03 7.296454612630024712e+03 3.125174499024649322e+03 3.257377461248429427e+02 2.612779415706245345e+02 4.537945761211643003e+03 5.333262602511900923e+02 5.379670161642636685e+02 8.701480709071950059e+02 9.986591135083014024e+02 9.075553048646268053e+02 3.410589410589411585e+01 3.019670970428987857e+02 4.927964315650821163e+02 8.589461770623741188e+01 3.220067949777410831e+03 2.736252619101015171e+03 1.563690150032615747e+03 7.172448979591838736e+01 2.814611344537815398e+02 2.232704761904761881e+02 2.198148148148147740e+01 9.304287191099734855e+02 1.129156493654780888e+03 8.371996119330583497e+02 4.637148640547307878e+03 2.515946477764659619e+02 2.926262633881430020e+02 2.558135995777621474e+02 5.579279905184789641e+03 3.463113890717577874e+02 7.850613062450820507e+02 1.690156671159029997e+02 2.278919361440851432e+01 4.550332175423359899e+02 2.763295769764216629e+02 4.789811186319914071e+01 1.441080357142856883e+03 1.587915756302521231e+03
1.090940464254438893e+03 9.285897321377447042e+02 1.067337917574027188e+03 1.608300716013546662e+04 1.741173670459925415e+04 3.625032687112192889e+03 1.045104189860220004e+03 1.428698155903312909e+03 2.674965393042231881e+04 6.809304122867342812e+02 1.083078104561373948e+03 1.789087473757872885e+03 7.987542442203798601e+03 3.516155049501340272e+03 5.922321733025776211e+02 1.861547464239272074e+02 4.235530778323332015e+03 5.499675248775865839e+02 5.324888591449492878e+02 5.220049796881143038e+02 1.064882031721192789e+03 1.263209097404143449e+03 2.967910201386596469e+01 3.017983896647409665e+02 4.951558107903884434e+02 7.057053547159553375e+01 3.252245056189563911e+03 1.650625489567508112e+03 1.174316343802896426e+03 7.775598352443506656e+01 2.580646053293112345e+02 2.692676923076923003e+02 1.208621100261967385e+01 9.086938992042437349e+02 1.151531076923077080e+03 8.622933374056458433e+02 1.295199152168153205e+03 2.698948223493678142e+02 1.770547008547008545e+02 1.668811792028057823e+02 2.663508969113878720e+03 3.484508936074850567e+02 7.582378372010838348e+02 1.809761273209549017e+02 1.741226747109099904e+01 4.544249863611565843e+02 2.736646751306945475e+02 4.017341262229043508e+01 1.439312577384570204e+03 1.598924348378893910e+03
1.536990330827448361e+03 7.180123825741770816e+02 1.013761086609486370e+03 1.333201400249082872e+04 1.410297350894035844e+04 3.485289788294922801e+03 2.339155879721266047e+03 1.360610813955934191e+03 1.852334460815205966e+04 6.542870097201951012e+02 1.193781632954377528e+03 1.851795759679284856e+03 9.776164567810545122e+03 2.596374894186396432e+03 6.003358648519937333e+02 2.363154184171132783e+02 4.849754478761116843e+03 5.493211569629722817e+02 5.373516035442640941e+02 8.354630357477076359e+02 1.092616228319244556e+03 1.259456779106431213e+03 3.326461538461538225e+01 2.956020692757536494e+02 3.805775253828945779e+02 6.276489707475624158e+01 3.190981281954996120e+03 2.441177313528961804e+03 1.512192823011336941e+03 5.534461538461538765e+01 1.666792357968828071e+02 2.692906666666665956e+02 1.912155745489079095e+01 9.059714255420667541e+02 1.147363284956249572e+03 8.483552439635086557e+02 4.421940407418668656e+03 2.689682136045772154e+02 2.940990171391438821e+02 2.365649867374005453e+02 5.544136044880787267e+03 3.554817440623892821e+02 6.224141651031893616e+02 1.718268090154211052e+02 2.128675605739826437e+01 4.558466993998908947e+02 2.741874533233757347e+02 4.080721273738729593e+01 1.435807871198569046e+03 7.772383710407240187e+02
1.116538000110065241e+03 1.160158227176220635e+03 7.645633159268927557e+02 8.040895677545599938e+03 8.374972233083522951e+03 3.820033456054231010e+03 4.619416707724312232e+02 1.286564798850574562e+03 1.734289953436351425e+04 7.433364592213697506e+02 1.287117043219647940e+03 1.424277690242763811e+03 1.320833242341522055e+04 3.464701971708550445e+03 4.123936725375082233e+02 2.660640190972221149e+02 5.143284188665616057e+03 5.697024895064408838e+02 5.301274961597540596e+02 9.324683508258075335e+02 6.199600550964187278e+02 6.454507868937048443e+02 4.111564139246542027e+01 2.929843287995269066e+02 4.900539605836647752e+02 6.405988200589970916e+01 3.258693808713196177e+03 2.768437813112611366e+03 1.555271094786245840e+03 8.115129331381157840e+01 1.805607298474945139e+02 1.988206958073149053e+02 2.388544891640866652e+01 9.153476256339326937e+02 1.086470568025652483e+03 8.363135280771411999e+02 3.316176877411694477e+03 2.627377890062776942e+02 2.839475030880536224e+02 2.507830149928117294e+02 5.553190423292795458e+03 3.727888726919339319e+02 8.269274289603540637e+02 1.592599671187833792e+02 2.040219907407407263e+01 3.664687975646879750e+02 2.711533009315511435e+02 5.008063175394845246e+01 9.994334895985933827e+02 1.578089705737624172e+03
1.055150060486088250e+03 9.242415551306564794e+02 6.252779669641460032e+02 1.304431283833339148e+04 1.546111607017087408e+04 3.512828068185908251e+03 1.981042905544473342e+03 1.007613477199987415e+03 2.412234879536861990e+04 7.084535290006986088e+02 1.194562685680332606e+03 2.228133904628657547e+03 1.508531177875049434e+04 3.198590069284064612e+03 6.049483002063647064e+02 2.303337637185280187e+02 3.290060553832011465e+03 5.450192176172890868e+02 4.993138803941555466e+02 7.977472621075686448e+02 9.633064265536719404e+02 1.231832366215345019e+03 4.126500000000000057e+01 3.088098605382047026e+02 5.289257180278790429e+02 8.731507656065957690e+01 3.236551277235160796e+03 2.767119462406491493e+03 1.547445240272274532e+03 8.201690476190475465e+01 1.947839052287580728e+02 2.652912592592592205e+02 1.292592592592592204e+01 8.823249425287357326e+02 8.607017142857142744e+02 8.279086311211947304e+02 2.826650255982855469e+03 2.372026323844505100e+02 2.744813932980599134e+02 2.511037561576354733e+02 5.422182074957146142e+03 3.799646783625730109e+02 8.051722817764168667e+02 1.542645502645502518e+02 2.000108225108224858e+01 4.556319655521783147e+02 2.710048543689320582e+02 4.762759767248546439e+01 1.413382928968138231e+03 1.582056882989183350e+03
1.490250705524801788e+03 7.720678288895398964e+02 1.017692503639010283e+03 1.588031377465167679e+04 1.811951665095821591e+04 3.441096713539717257e+03 2.272156226138032707e+03 1.316753044347509785e+03 2.823235480411618119e+04 6.736281119633965773e+02 1.176091854893908021e+03 1.839218103398029598e+03 1.531308243809090709e+04 2.911857904277747821e+03 6.307089714347779363e+02 2.404467795901296370e+02 3.626938688368738894e+03 5.515410968087957144e+02 5.287858477743798176e+02 7.858536496350363905e+02 9.504085987485059377e+02 1.227474447868516108e+03 2.983030303030302832e+01 2.063778685336445164e+02 5.304516624755517569e+02 8.684301643192489450e+01 3.206162001617217356e+03 2.553893100097181559e+03 6.971952308472855293e+02 6.540785714285713937e+01 3.071691176470587834e+02 2.643552592592591850e+02 1.742644032921811004e+01 5.723761199172984107e+02 1.127196467991170039e+03 7.106744953782302900e+02 4.494691644707949308e+03 2.334631925313743182e+02 2.541466033086941536e+02 2.398981937602626999e+02 2.523765778401121679e+03 3.521493307000219488e+02 7.073324570188615326e+02 9.522032232704400201e+01 2.046704871060171271e+01 4.575692333671056531e+02 2.696796116504854695e+02 4.448836242726516588e+01 1.418460513565891461e+03 7.519412745098038613e+02
8.117311000045027640e+02 9.367879559930513551e+02 1.269466780312021456e+03 1.272769501076880806e+04 1.324164096685328332e+04 3.739102639296188045e+03 4.238043565893787559e+02 1.326950052246603946e+03 3.356249581570423470e+04 7.277556382236688250e+02 1.216313086251782124e+03 1.795190985485103056e+03 1.531942679295227572e+04 3.377699987068408063e+03 3.069939512542252373e+02 2.642329545454545610e+02 4.144024392864817855e+03 5.869762760036314830e+02 5.224901550062841125e+02 6.929803181929127049e+02 9.849631855747559257e+02 1.223361666197579780e+03 3.523917284432305763e+01 2.325080372023010113e+02 6.324670525608556773e+02 5.666741753821398930e+01 3.248111250580325759e+03 3.018447892120947927e+03 1.536522748142582941e+03 7.515746040196992794e+01 2.888306595365418730e+02 2.642056605303705510e+02 1.412046158176188726e+01 4.992376461712561877e+02 1.117096281181027052e+03 9.795805187438769508e+02 1.571697466202541818e+03 3.246626299745271353e+02 2.899469656865103957e+02 1.937197109729457054e+02 5.487762479802704547e+03 3.737500662602702732e+02 7.792558819434776751e+02 1.753895303217128401e+02 1.877272727272727337e+01 4.496114570361145866e+02 2.669884016348172509e+02 4.270414871911133048e+01 1.418217084409876179e+03 1.559120541106369501e+03
1.095006524575902631e+03 9.507781785996864983e+02 1.255636406336735490e+03 7.894611485359835569e+03 8.086023104065819098e+03 3.437667708548344308e+03 1.898599790411317827e+03 1.336455196479258348e+03 3.265204437464080911e+04 7.110010291595198169e+02 1.140536703937773609e+03 1.568064771534865940e+03 1.548853194096208244e+04 3.094967715886884434e+03 6.103741224562338630e+02 2.709244391971664072e+02 4.859812863455055776e+03 5.408541052710111217e+02 5.183199888796219739e+02 8.813033031704241012e+02 9.202585516178738771e+02 1.227159767891682577e+03 4.213733905579399419e+01 2.999012160497134687e+02 4.730347255887529627e+02 5.820141342756184599e+01 3.221606652551055504e+03 2.771007211640436253e+03 1.543565985979884090e+03 7.665818181818181642e+01 2.778520499108734612e+02 2.547946666666666715e+02 1.965944272445820218e+01 8.174626959247649438e+02 1.121960353246753357e+03 8.518680451709383306e+02 2.484955403951374592e+03 3.200262960180315872e+02 2.683327561327561739e+02 2.201782355575458610e+02 5.509375876577840245e+03 3.580727007879229973e+02 8.070821383822915323e+02 1.686569489262267894e+02 1.592561983471074072e+01 4.387485493230174143e+02 2.725675198587819636e+02 4.172477896168670952e+01 1.422121531100478478e+03 1.576618986323411036e+03
1.632517185677106681e+03 8.983645153557253025e+02 1.269665558405370348e+03 1.137735142295948572e+04 1.478592277691107665e+04 3.375664683407705525e+03 2.482135642644278505e+03 7.417461500248385846e+02 2.485418183062744720e+04 6.696729915220022349e+02 1.152232943639853374e+03 2.396981258643437741e+03 1.557099193848443610e+04 2.084202535321863706e+03 6.236100595396783319e+02 2.525067868141895246e+02 4.962354138999557108e+03 5.398533961986150871e+02 5.213603002502085246e+02 9.027857996018580025e+02 9.338717953634638889e+02 6.412772252872754279e+02 4.957558441558440165e+01 2.868066985645933187e+02 4.589101577383220842e+02 8.628937259923173997e+01 3.194480754550543224e+03 2.905497767538583958e+03 1.535654296388542889e+03 8.483376623376624082e+01 2.599197860962567006e+02 2.650075151515151788e+02 1.095286195286195330e+01 8.976255247164967841e+02 1.124886872378421231e+03 7.869306023724365104e+02 4.498264283147683273e+03 2.305416979714500485e+02 2.514548334453297400e+02 2.543215405284370547e+02 5.541165752900676125e+03 3.463708181219701601e+02 7.625171352349681229e+02 1.576689536878215563e+02 1.973326387079969280e+01 4.444749930920144152e+02 2.727422771403354318e+02 4.259532985717525833e+01 1.400462579281183707e+03 1.607587379679144078e+03
1.496020009905894540e+03 9.029906099946647373e+02 1.308043433863690325e+03 1.776486886990617859e+04 1.830375346674090542e+04 3.655237372143316861e+03 5.570847233691163183e+02 1.252484550507954737e+03 1.803389472458739692e+04 7.211992294520546238e+02 1.196849532306806623e+03 2.462503571428571831e+03 1.571619571959942732e+04 3.488134550411949022e+03 5.848386823222440398e+02 2.480401041666667084e+02 4.924600748694709182e+03 5.888433070866142316e+02 5.153898617511522389e+02 8.931602247740048597e+02 1.089242222799272895e+03 1.240458226867983285e+03 3.987134670487105836e+01 2.787461856889414094e+02 4.767119386014781526e+02 8.527450980392157476e+01 3.260550076219512903e+03 2.651802550408719526e+03 1.542662009803921364e+03 7.029718518518518522e+01 1.620523379819523768e+02 2.559357716324710168e+02 1.529400630914826564e+01 8.853365617433414627e+02 8.602094517091077250e+02 8.411098128190585612e+02 3.287282742653606874e+03 2.557696320447135463e+02 2.567175410704822980e+02 2.287534195933457113e+02 4.516260968194573252e+03 3.698444606413993938e+02 7.081467075038286794e+02 1.676786683107275167e+02 2.098333333333333428e+01 4.436665651953322822e+02 2.689097323600973368e+02 3.708229426433914711e+01 9.783954785672342496e+02 7.187572356763143944e+02
7.850397226349679158e+02 1.006430615640599058e+03 9.971606024667930797e+02 1.604417220125785934e+04 1.757724122858445844e+04 3.582692773071018564e+03 4.437350752393980997e+02 1.330999885090491262e+03 1.660516612119137790e+04 6.851093776641093882e+02 1.149280079624626751e+03 1.778822852143482578e+03 1.572798466875177655e+04 2.931491514576914142e+03 2.469420469361147639e+02 2.420081924577374082e+02 4.961053063435776494e+03 5.389615605749487486e+02 5.087585465711361508e+02 8.472551959114141482e+02 9.891095571095571586e+02 1.239429179566563562e+03 3.665608011444921743e+01 2.753635718509757453e+02 4.477524373062834115e+02 9.235115044247787353e+01 3.222901623254058904e+03 2.675158349743993767e+03 6.927367003367004372e+02 7.554095513748191593e+01 1.605779411764706310e+02 2.524245333333333576e+02 1.425201238390093117e+01 8.819119170984457696e+02 7.911372881355931668e+02 8.251613726602384986e+02 2.900406435088842500e+03 2.381688562241617433e+02 2.543068783068783034e+02 2.313410967344424591e+02 2.747667570727145630e+03 3.657299344501093969e+02 5.158623277182235825e+02 1.653352216748768626e+02 2.432757475083056775e+01 3.814055752660922280e+02 2.677536407766990578e+02 3.308279301745636047e+01 1.312114310798946690e+03 1.565293506493506584e+03
1.092210750206100329e+03 9.133584656084656217e+02 7.608584478102618505e+02 1.154558586125399961e+04 1.205318314482579444e+04 3.378368189910979254e+03 2.300947399411187234e+03 1.290648795180723027e+03 2.049545400520334078e+04 7.094178541492035492e+02 1.106039292569235386e+03 1.757006925498425517e+03 1.558809805013927144e+04 3.277936100420392449e+03 5.827928315412186748e+02 2.448998090388288347e+02 4.823526596740040986e+03 5.343476810414971396e+02 5.038610601427115512e+02 7.326926520681266766e+02 1.039982549767047885e+03 1.234889361702127644e+03 4.316742857142858014e+01 2.761355712603062216e+02 5.357578063794067020e+02 8.838515901060071656e+01 3.203100826135937950e+03 2.509861538461538657e+03 1.512951948842874572e+03 6.630200000000000671e+01 1.697356209150326833e+02 2.966963555555556127e+02 1.942716049382715937e+01 8.917260689655174701e+02 1.052249246231155894e+03 8.108251843448666705e+02 3.252985193370165689e+03 2.379585858585858773e+02 2.617461375661376337e+02 2.294964285714285666e+02 5.546765357643758762e+03 3.334238628872775507e+02 7.305060745278202603e+02 1.769887667887668385e+02 1.705177993527507851e+01 4.354050658561297382e+02 2.678310679611651040e+02 4.404438902743143558e+01 1.395595232558139514e+03 1.574266725663717125e+03
1.502421784435037353e+03 8.724498463339679120e+02 8.404647207538498606e+02 7.316715763613110539e+03 8.028853625402191028e+03 3.389323182207014270e+03 2.382837585903083436e+03 1.221808197019265663e+03 2.667089248636684715e+04 5.748367379895033764e+02 1.169412183436002579e+03 1.884731771288686787e+03 1.501140900358097315e+04 2.384584760891410951e+03 5.714301075268816703e+02 2.433035647279549494e+02 3.047646115263571119e+03 5.173966278602969169e+02 5.063155963302751843e+02 3.875982968369830246e+02 1.030658932714617094e+03 1.231783050847457616e+03 2.605230769230769283e+01 2.711258309037901313e+02 4.668643755238892936e+02 5.501584507042255012e+01 3.173310916215712041e+03 2.096162697166779708e+03 1.524062283105023198e+03 7.728942857142858713e+01 3.013653594771242297e+02 1.941841777777778191e+02 2.092098765432099228e+01 8.887262577532737851e+02 1.091717469741950708e+03 6.670026032823996047e+02 3.776762922735127177e+03 2.416101010101010331e+02 2.667295670538542822e+02 1.597710591133005380e+02 5.502045244215938510e+03 3.523765635286372913e+02 7.405583375062597042e+02 1.719009433962264097e+02 1.985959885386819579e+01 4.388956433637284817e+02 2.845072815533981156e+02 4.496608478802993147e+01 1.396315988372093216e+03 1.684081235294118187e+03
1.608399611101938945e+03 9.368965962588008551e+02 1.106122043331345594e+03 1.076649610412849506e+04 1.424224620230322216e+04 3.645825701183469391e+03 5.778876961189099575e+02 8.511338785594105047e+02 3.082384976018546877e+04 3.469195730893843574e+02 1.241372801125823571e+03 1.223936847020370124e+03 1.267369734541408252e+04 3.737171315375579525e+03 5.642382611219971977e+02 2.451634837962962763e+02 4.050843244486049116e+03 5.749630601730340231e+02 4.927009159697330460e+02 8.235557727285067813e+02 1.011764663221829096e+03 1.114279433905450333e+03 2.996402419611589352e+01 2.650719495367632135e+02 4.248383407575901174e+02 5.380471380471379916e+01 3.238401305195356144e+03 1.752308451917360799e+03 1.518202205882352700e+03 6.820576131687242594e+01 2.944706954698750678e+02 2.514781746031746081e+02 7.601822642832106069e+00 8.664126215457935132e+02 1.059075679946980699e+03 8.690200157604413107e+02 2.169979024438508077e+03 2.314825855198467934e+02 2.450614143555320368e+02 1.944912713082768221e+02 5.420695717700863497e+03 3.898607014093739167e+02 7.212156561780508355e+02 1.716632415399369336e+02 2.185339506172839563e+01 4.281690061446528830e+02 2.799132197891321994e+02 4.616791354945968351e+01 1.398628890193775760e+03 9.152244536326047637e+02
1.455037293856511496e+03 1.086582287129558381e+03 1.165744784661233780e+03 1.748043086324846081e+04 1.800751121537280778e+04 3.630627094619522268e+03 5.669325428334481103e+02 1.218570881226053643e+03 3.560832412225976441e+04 4.364019134223736955e+02 1.234639484498168940e+03 2.540566427446175112e+03 1.044263330490000772e+04 3.587783494020336093e+03 5.651681524969196744e+02 2.320442708333332860e+02 5.087139195341913364e+03 5.756073720268249190e+02 5.068751208966263562e+02 8.224187888156644703e+02 9.458161569070658743e+02 7.125442036463707609e+02 3.275759020823398515e+01 2.703443064590314293e+02 3.057271808477038917e+02 8.068829891838741730e+01 3.160493142066188284e+03 2.391589683050725853e+03 1.528484780464578762e+03 1.000528946944041309e+02 2.879255628177195945e+02 2.502991985752448443e+02 1.397110423116614975e+01 8.668205718672039666e+02 1.059474474474474619e+03 9.315273838784901272e+02 3.080175673012494826e+03 2.220817638952687503e+02 2.277407407407407334e+02 2.436622167453960515e+02 5.498788325150027049e+03 3.702533203757693627e+02 6.795806817537290954e+02 1.684217016029592457e+02 2.825396825396825307e+01 4.282186143525564717e+02 2.798830835695963515e+02 4.038237738985868219e+01 1.399269924885376895e+03 1.250980716253443688e+03
1.038194284038203932e+03 9.025768795790920649e+02 1.142060957152549463e+03 1.769680705105062952e+04 1.815298571108654869e+04 3.372229874701169138e+03 1.651908101184758152e+03 1.180644238624186755e+03 3.682819871536414576e+04 5.314651758676915279e+02 1.122929201517436695e+03 2.700914733201197123e+03 7.891015322402299716e+03 3.296755808215392335e+03 4.122011512979254917e+02 2.386262626262626441e+02 4.964958213642804367e+03 5.251870697123055152e+02 4.997427794767244222e+02 8.633338200697654656e+02 8.779251412429377979e+02 1.204466795615731598e+03 3.881386107137179664e+01 2.686916781247953736e+02 4.593268469142732329e+02 7.974676089517078026e+01 3.185679272059436244e+03 2.390122310364494297e+03 1.513563615428900221e+03 7.525396825396825307e+01 2.969360929557008717e+02 2.491733333333333462e+02 1.384038527691778597e+01 8.614015325670497987e+02 1.008898285714285748e+03 9.323927018339948063e+02 2.651659223817118345e+03 2.228218549127639392e+02 2.677419165196942572e+02 2.443095238095237676e+02 4.487426107734661855e+03 3.577344015537751147e+02 6.737840735068913318e+02 1.623620291037672132e+02 2.633621933621933309e+01 4.299222109647641901e+02 2.793430420711973738e+02 4.251039068994180781e+01 1.395435347628329964e+03 1.548571943625040831e+03
1.061323425103286809e+03 7.319845574940135293e+02 1.185766313622802954e+03 1.548255466169996726e+04 1.772667404807303319e+04 3.351391913573644160e+03 2.250140249872713412e+03 9.556384256305880172e+02 3.549134854743375763e+04 6.208535414704166442e+02 1.091772202419035239e+03 2.390071003847499014e+03 7.060972335910261791e+03 3.117450387199410670e+03 5.973515803193222382e+02 2.412376368835879532e+02 4.945691308838717305e+03 5.448417071853051539e+02 4.972362668478875776e+02 7.944566098945659860e+02 8.733061473200682485e+02 1.207817736530033471e+03 3.792063492063491736e+01 2.642852501624431056e+02 5.762726820780511616e+02 7.987949921752738192e+01 3.190730379271498805e+03 2.582131087355577165e+03 6.715491947489512086e+02 7.688571428571428612e+01 2.676005809731300360e+02 2.504612345679012151e+02 1.844581618655692878e+01 8.557813768282411502e+02 9.017586416933150986e+02 9.305382268767492633e+02 4.364964939247547591e+03 2.210332619120497668e+02 2.487350698110993790e+02 2.682353585112205678e+02 2.492759077450522454e+03 3.422615755979811070e+02 7.521877822944896934e+02 1.849814155792803092e+02 1.379476724430852386e+01 4.345479004840707375e+02 2.794158576051779619e+02 4.219451371571072684e+01 1.383857881136950709e+03 1.535538562091503081e+03
1.593535708284322254e+03 9.167690017016451520e+02 1.180468357834349263e+03 1.348875117325675274e+04 1.406039721412048857e+04 3.771503274513372162e+03 5.952722970668485232e+02 1.122881894889103251e+03 3.245483684631194410e+04 6.599268240343349134e+02 1.031312445980984876e+03 1.816671409807355758e+03 6.883882087628866429e+03 1.076128736654804243e+03 5.604772876892692466e+02 2.497239685658153405e+02 5.136502226214654002e+03 5.956969530907496164e+02 4.853878073770491142e+02 8.092532027128863774e+02 1.063727971172151001e+03 1.192839278790228491e+03 3.406250000000000000e+01 2.471126112759644400e+02 5.732628022759602118e+02 8.525446428571427759e+01 3.309397290209790299e+03 2.729968996062992119e+03 1.492529941502463089e+03 8.422835820895521408e+01 2.879895406070548916e+02 2.410299107142856769e+02 1.676419558359621220e+01 8.458388101003114343e+02 1.029312256139545752e+03 8.970004258943785089e+02 3.267453962600178329e+03 2.244523587108827485e+02 2.552076923076922981e+02 2.575624229346485663e+02 5.490160143910143233e+03 3.907535714285714334e+02 7.249129127207577312e+02 1.896741676942046979e+02 1.427419354838709609e+01 4.128715596330275162e+02 2.761961678832117286e+02 4.006250000000000000e+01 1.382285492457852570e+03 1.643210771276595779e+03
