# Historias completas obtenidas con el método de alfa-Feynman
#
# Cálculo de (var_i/mean_i - 1) en paralelo
#
# Fecha de procesamiento: 20-11-2020 13:59
#
# Valor de dt [s]:
0.0004
#
# Número de historias:
50
# Tasa de cuentas [cps]:
# [promedio desvio_promedio ...]
[60566.922676907074, 1132.901834380299]
# Cada columna es una historia
#
1.022248375759335204e+02 2.221810229238553234e+02 1.789636738208573945e+02 1.110498691005673635e+02 2.939122348475149238e+02 1.603270785241020349e+02 1.592821073478147298e+02 8.834583820230754725e+01 1.172090930173489340e+02 1.284503232819989478e+02 2.138083366291426444e+02 3.290383060333704748e+02 1.887834179125743788e+02 1.078422796660607901e+02 1.016672728100081855e+02 2.229096885673387192e+02 1.704188173770727701e+02 2.150942033562650693e+02 2.146778960657830453e+02 1.079580490016512897e+02 1.260197212038458474e+02 1.556859422744691983e+02 2.238612634088852360e+02 8.383589520452569843e+01 1.476235614963439104e+02 1.596417877062030470e+02 7.040611240774617841e+01 1.532614123358040388e+02 1.305740654663721614e+02 3.237101227283748131e+02 1.281906709475553328e+02 1.319743001479602924e+02 1.758839170175246238e+02 2.731117308257420291e+02 1.886847580125805734e+02 1.963120178613861810e+02 1.911974319806991218e+02 9.149587883898554708e+01 2.204060134342680328e+02 2.336552430798144258e+02 2.571300897721466754e+02 5.697943173109036934e+02 2.032364639784692599e+02 1.255312171336615847e+02 2.349397552435015086e+02 1.868566739730199515e+02 1.195790067701274353e+02 1.010556525519687483e+02 3.520484637456830797e+02 1.431748113461885623e+02
1.871806181293926556e+02 4.228958899153937523e+02 3.433790338825012327e+02 2.009100872340840738e+02 5.577479196321033896e+02 2.966247141101851525e+02 3.011156324050568287e+02 1.558202394978467566e+02 2.162439460690104056e+02 2.075903958812588144e+02 3.919810615436604735e+02 6.414125097348033933e+02 3.301440559126477865e+02 2.006810446186312618e+02 1.776304749434591201e+02 4.330946208767087455e+02 3.195797768241250765e+02 4.025716770714548147e+02 3.802577084824854410e+02 1.914762203481905090e+02 2.283829826205186464e+02 2.903951181645679185e+02 4.226949150027695055e+02 1.448766707340629694e+02 2.769713714243963523e+02 3.012085017194690977e+02 1.238295917074818249e+02 2.789808253739412862e+02 2.328797374125786916e+02 6.224823306093768451e+02 2.274436568035493451e+02 2.297892011884550243e+02 3.337640759580824579e+02 5.251430763178599364e+02 3.432872000682309022e+02 3.751321505376344021e+02 3.565359704713327460e+02 1.675026178141252160e+02 4.214417642021124379e+02 4.465182248994072438e+02 4.962544002601139823e+02 1.104428397537615410e+03 3.980629508329118948e+02 2.284762633729525874e+02 4.517245725764731219e+02 3.398689800778149674e+02 2.249858645000602166e+02 1.705250182342605001e+02 6.803616759418862330e+02 2.622445635034654288e+02
2.645901910992939747e+02 6.063683961330068541e+02 4.823058014936351015e+02 2.727078756090255638e+02 8.131755458891997250e+02 4.262267807614027220e+02 3.995636149368505698e+02 2.091450016538177294e+02 2.984918717091035774e+02 2.477120760324640116e+02 5.663664719524598468e+02 9.163976984362157054e+02 4.672228622862285761e+02 2.673035481652303815e+02 2.428989699206082946e+02 6.003076945209026007e+02 4.319929615348941638e+02 5.778899831145488406e+02 5.376876421890952997e+02 2.589052125100240573e+02 3.090008311990840753e+02 4.077307030337145761e+02 6.028632787399753852e+02 1.962782249248731148e+02 3.799992623860347294e+02 4.395069514164949283e+02 1.552038077106139724e+02 3.766679081315953113e+02 3.219757037543050728e+02 8.805195667852382257e+02 3.172656678660251259e+02 3.394088982456140684e+02 4.617431269799732263e+02 7.604498487312145016e+02 4.707336063336064740e+02 5.404706801346801512e+02 5.085366504815471558e+02 2.160992561514165970e+02 6.072759243333548511e+02 6.226914845886728926e+02 7.000322074748708019e+02 1.618336650595038691e+03 5.398716100256750678e+02 2.970810027375887330e+02 6.424813400429542298e+02 4.409016529147871779e+02 3.133251996930701466e+02 2.385825760171083800e+02 9.581415046958132962e+02 3.760066452050375574e+02
3.132917780010403135e+02 7.839384000408578004e+02 6.071543793818505037e+02 3.300442036027484392e+02 9.741204163750641101e+02 5.074944874984813055e+02 4.774821456516254443e+02 2.483126523315972918e+02 3.944895528934338813e+02 2.340925371782907405e+02 7.243672288340951582e+02 1.184728334193457385e+03 5.602331025785505290e+02 3.125161564875096474e+02 2.792800531163681512e+02 7.629623408457773621e+02 5.585410325594292544e+02 7.166038791284474883e+02 6.599765648994243747e+02 2.698620609802149488e+02 3.518225639495966561e+02 5.424031151015518617e+02 7.729705331640399208e+02 2.368119703484167360e+02 5.094921443374961996e+02 5.687160517854779300e+02 1.801783082874033823e+02 5.042384803499633676e+02 3.831673049329160676e+02 1.161748234218929383e+03 3.730995931133788872e+02 3.920684032869600628e+02 5.886538461085868903e+02 9.409090509968209517e+02 6.260597901888778551e+02 6.887504519495593058e+02 6.115972840522846354e+02 2.671541213490845621e+02 7.955358849102680097e+02 7.727856040522237890e+02 8.993571076619857649e+02 2.116282549149503666e+03 6.856575076697769191e+02 3.892972057247040993e+02 8.111166475030564698e+02 6.035100422312920045e+02 3.906438190622304774e+02 2.818924205583268758e+02 1.285345406777219750e+03 4.300062635667139261e+02
3.733939301090298386e+02 9.343075799905526537e+02 6.057375417204855239e+02 3.712923702208531722e+02 1.285715110908575753e+03 6.055076679794726715e+02 5.609533630777001463e+02 3.131085816175421996e+02 4.263950343788163764e+02 3.958575314444083233e+02 8.365260777027166341e+02 1.347906541413316518e+03 5.725466634673671251e+02 4.176607343885864339e+02 3.359643340857788303e+02 8.604602910222386072e+02 6.316940783528891643e+02 8.637306626920429835e+02 8.561681827590871308e+02 3.468779528081977332e+02 4.780839079025365095e+02 6.569588954890313062e+02 9.253936009079568521e+02 2.909885163068443603e+02 5.848887607398979753e+02 6.987701278672207081e+02 2.044150888949452280e+02 5.934852617949414935e+02 4.432405830604924972e+02 1.214109668151246296e+03 4.417194194447965856e+02 4.484524758624097558e+02 6.675498238187437892e+02 1.133818059958970707e+03 6.994889530029611251e+02 8.244628705317147706e+02 7.550033074600249847e+02 3.036019427913713002e+02 9.204145217440043325e+02 8.719558685463674692e+02 1.056929545324178662e+03 2.559088144592024491e+03 6.677653716994195747e+02 4.473971464909353131e+02 9.213000945183874819e+02 6.985857541338303918e+02 4.653421746111771995e+02 2.464821612098076002e+02 1.557326130281005135e+03 4.987451077005027287e+02
4.696949015333072452e+02 1.099151957008840327e+03 6.651609353237253117e+02 3.788842115362851359e+02 1.477154295732708533e+03 6.691311146458334633e+02 5.777769316261972108e+02 3.015460056111895710e+02 5.376647419335263294e+02 2.728867936927975961e+02 9.856319362960093713e+02 1.608769064099678872e+03 7.602498918336955285e+02 4.716106841642514951e+02 3.927768337683375535e+02 9.916779877984453151e+02 6.268703541757761286e+02 9.156189115725790089e+02 9.731753737591667459e+02 3.521774913450818190e+02 4.023006860588369591e+02 7.050734956603718047e+02 9.695434091830697980e+02 2.994081509794212934e+02 6.779433656510969968e+02 8.128686036916225248e+02 2.267380602732728505e+02 5.533430167597765603e+02 5.454219443466741950e+02 1.531854540743874622e+03 4.722740594840375365e+02 4.660914608472400005e+02 7.461328851314209487e+02 1.267112686892722650e+03 7.911113610959846483e+02 9.976457452574526314e+02 8.408783164153692269e+02 3.569592727877100060e+02 1.041695286934559817e+03 1.034100187305920372e+03 1.220574864788354489e+03 3.006248438727377106e+03 1.030943181562530981e+03 4.876579204478439351e+02 1.124720540547360997e+03 6.735941636576510518e+02 5.303235757170771194e+02 3.775062834749621743e+02 1.744019634332526948e+03 5.043605045489950385e+02
4.744158271129680884e+02 1.168775883107575055e+03 8.800197962280511774e+02 4.305454611654018890e+02 1.536316044486593910e+03 8.629477745289151471e+02 7.011198525973176174e+02 3.479092259388962134e+02 5.295668493611926806e+02 3.450514665503347942e+02 1.180276754139301602e+03 1.904529778149589674e+03 8.137400076614804902e+02 4.445955864962808732e+02 4.371282674772036216e+02 1.210225696951426244e+03 7.207726435130241498e+02 1.091878406659248412e+03 9.583387826801111942e+02 4.284051568168251833e+02 5.273069603469252797e+02 8.133740114220598798e+02 1.229142991472959011e+03 3.186479083644557022e+02 7.717339577391755938e+02 8.486810108978161225e+02 2.932621391174271253e+02 5.719881540930978190e+02 4.817519855507555349e+02 1.677584331239554785e+03 5.144957651044607019e+02 6.009641834586466302e+02 7.903935529881612183e+02 1.268387224157956098e+03 9.910577703696441176e+02 1.041349407792486090e+03 1.019872523689735317e+03 3.964642657930850760e+02 1.330050481712367628e+03 9.644474311527877717e+02 1.331324043982895546e+03 3.476982436160107227e+03 8.709526436057050205e+02 5.598849477519594302e+02 1.268326786801715343e+03 6.621930519375736139e+02 5.836704587917791969e+02 3.933574120295598391e+02 1.948237895104284917e+03 5.848293971565157108e+02
4.725541443370067327e+02 1.341376956565912906e+03 7.057508462202164310e+02 3.607969174319359240e+02 1.594347083726448091e+03 8.035154560657867933e+02 7.747042482993708745e+02 3.899209371642463111e+02 5.094274165677451265e+02 2.846035036676904042e+02 1.159189367397099431e+03 2.130858032478960013e+03 9.962260726072607895e+02 4.765228214496015084e+02 4.297556689160702490e+02 1.242806493377326206e+03 9.229284552029647557e+02 1.231428541608597925e+03 1.043635953237904687e+03 4.573537815817191472e+02 4.933422037168971883e+02 9.787645168289866433e+02 1.335288719399130741e+03 3.934929549138428229e+02 8.308888908253237560e+02 1.022371696326257279e+03 2.756285269081683964e+02 7.521936119980599642e+02 5.942324799108205298e+02 1.631310062448060535e+03 6.218665537361189308e+02 5.099961161160468919e+02 8.155570875716870205e+02 1.576315123137472710e+03 9.177657611011504741e+02 1.196266201253032250e+03 1.024816696241066893e+03 4.384368418111528172e+02 1.466605058271676398e+03 1.137872165303695283e+03 1.457082836562344710e+03 3.609823607292919860e+03 1.047892528711075556e+03 4.839216223039178999e+02 1.403725395804279970e+03 7.892387194226713518e+02 6.079195506352161829e+02 3.397815724001596323e+02 2.226422686441611404e+03 7.141235026163542443e+02
6.058857432775239431e+02 1.468542962119757021e+03 6.915764650726674745e+02 3.344296464542180161e+02 1.557029415051744763e+03 8.315835318749550424e+02 6.614058020568855909e+02 3.904469556292065704e+02 6.904094782224937035e+02 3.758960142107259799e+02 1.155222041818959497e+03 2.093891507937969436e+03 7.653760810108790338e+02 6.914138531479258063e+02 4.707048463060503423e+02 1.380776048536006329e+03 7.754934586931965441e+02 1.251251879594951106e+03 1.287137594027219393e+03 4.699215388509237528e+02 4.813475649705175101e+02 1.002097982708933387e+03 1.065124029775021427e+03 3.904911873288078255e+02 8.500110272730383940e+02 1.189213677491965882e+03 2.412253935003345475e+02 7.314397921666678712e+02 5.819689491302337956e+02 1.895764530699854276e+03 5.765986120696267108e+02 4.870088370986547943e+02 8.907129274973267457e+02 1.945344472246397117e+03 1.167157315659621418e+03 1.375124884116575913e+03 1.128355229443279995e+03 4.723116528365986255e+02 1.358721335006046502e+03 1.309102649990268674e+03 1.595462340624872922e+03 4.051375526355617239e+03 1.245251166575333400e+03 4.844471134994474824e+02 1.432722534475570683e+03 9.290918514932551489e+02 6.524154191559214269e+02 3.491217311864794510e+02 2.339640061290819176e+03 4.792936982659657019e+02
6.686940457719161941e+02 1.484332030095816890e+03 1.114605911226007038e+03 4.768009715093747332e+02 1.611968631126302398e+03 1.094762396442495174e+03 7.179873662079510268e+02 3.852468126041777055e+02 5.998842860271573727e+02 3.989335775939579776e+02 1.412255460691928874e+03 2.354291010335488409e+03 1.027096693039072761e+03 7.464957280666578754e+02 4.183093597851729442e+02 1.518266131018347323e+03 1.051169314411753930e+03 1.169679817659547780e+03 1.248440296420581490e+03 3.875126377803116497e+02 5.861658134243458562e+02 9.444452304058615937e+02 1.791740381991814047e+03 4.435536776899813844e+02 8.802395934662775971e+02 1.329089840888743993e+03 2.089529436152570270e+02 9.388075933318269790e+02 5.439683060927605993e+02 1.948827832783278382e+03 5.198284024367206939e+02 5.162458824975416292e+02 1.170578309358839078e+03 1.637890086560551026e+03 1.126274000556154988e+03 1.506949257978628339e+03 1.164124902582943605e+03 4.132575375910711841e+02 1.653237163385961821e+03 9.960357658737475504e+02 1.381898727844482437e+03 4.527689674523008762e+03 5.883873593432945199e+02 6.482760052447553107e+02 1.465318972687921814e+03 9.332982988941803342e+02 6.228835655609857440e+02 3.143440640703518625e+02 2.431838796892569007e+03 7.217668379926756188e+02
6.165142963885430163e+02 1.749585342015798687e+03 8.273619792865363252e+02 4.049515936778480523e+02 2.093973685391801155e+03 1.067013589845826800e+03 7.895441956393636929e+02 4.650810335211644997e+02 6.457192198269191294e+02 3.691077208223787238e+02 1.536328527147770728e+03 2.561510125005650480e+03 1.044805425855085332e+03 4.841451789161820898e+02 4.775550995280115671e+02 1.587635200594710113e+03 1.200958779331524283e+03 1.371371603677221628e+03 1.330124862957503865e+03 5.200019968641836385e+02 6.965193472175345732e+02 1.231444328006287606e+03 1.729802968346313719e+03 3.674433910871355806e+02 1.091045675028697815e+03 1.481615499254843598e+03 3.155299935728057790e+02 7.120006876167408336e+02 5.996730115092494771e+02 1.781500815944845726e+03 7.291507751142139568e+02 5.749389950893580590e+02 1.052046710103390751e+03 1.272718056462141021e+03 8.576519625768131618e+02 1.619446366706134995e+03 1.064878712647829161e+03 4.136829450376088175e+02 1.624048117735179176e+03 1.082668873672653717e+03 1.152738201704198218e+03 4.484077869270381598e+03 1.312686784146954551e+03 7.127466532505029591e+02 1.566651362807233227e+03 6.905176955124912865e+02 6.826866684281050084e+02 3.812321078202372178e+02 2.625821895624541867e+03 5.040330713332344317e+02
6.539696917996698176e+02 1.840124747006240568e+03 7.872851564873897132e+02 3.373112605129269923e+02 1.663880983823044289e+03 1.144504974821312771e+03 8.327978997378768327e+02 3.690058539433181295e+02 7.528277137619484165e+02 2.479625831385942547e+02 1.670618602552963694e+03 2.366509597634444617e+03 1.063346503677613327e+03 5.338135409704584617e+02 5.017897379912664064e+02 1.648870043274051568e+03 1.075503363228699527e+03 1.090152180265228253e+03 1.642431654819902406e+03 3.865197068403908816e+02 5.331935513482501392e+02 1.108564499855866188e+03 1.198955981856626750e+03 4.839862159789288967e+02 8.349013597482247633e+02 1.423077521110750013e+03 3.232116391725583071e+02 7.941063638416377444e+02 6.331239305270363502e+02 2.304094851851851672e+03 5.435160550891425828e+02 4.849834966287400562e+02 1.051833195984417216e+03 2.459315712175911358e+03 1.471158331697743279e+03 1.711064945054945156e+03 1.394008475137389496e+03 6.424999922492636415e+02 1.809641784659264431e+03 1.149855305614455801e+03 1.918394060587515014e+03 5.412674242424243857e+03 1.021370741868290452e+03 5.824069651741293683e+02 1.800618152954808920e+03 1.151879840987973012e+03 6.397991061220246820e+02 4.052806660746003899e+02 2.759313154189876514e+03 8.440949418035462486e+02
5.668813352016338740e+02 1.860115243452905133e+03 7.735897475196716186e+02 3.945546539725767730e+02 2.380964707836163143e+03 1.223032532532532514e+03 1.002257989279792241e+03 4.481331788931788083e+02 7.657203868789570151e+02 2.922842062328228394e+02 1.588133582023591089e+03 2.319403539001130866e+03 1.127836604007436790e+03 4.983593085471258064e+02 4.324476137787396510e+02 1.926541538637027088e+03 7.621828985430164494e+02 1.362077210243951868e+03 1.865326497969896991e+03 4.945674663757034750e+02 7.574762552486841969e+02 1.358300745125528692e+03 1.048818049699669245e+03 4.968870066322537582e+02 1.100525174273620905e+03 1.384650323196390218e+03 2.100914347183004054e+02 6.951198428050989833e+02 6.031038506471618348e+02 2.203513644465461766e+03 5.761561533271376447e+02 5.812018488581252313e+02 1.042221229261389681e+03 1.290802189262253023e+03 1.474221386696221771e+03 1.830895451167520832e+03 1.344759884412714655e+03 6.315928983376680890e+02 1.573552130622839741e+03 1.283761234268286671e+03 1.816225039546304060e+03 5.694134173673714031e+03 1.218193542287534683e+03 7.986141039981270069e+02 1.801524352115611691e+03 1.137368187073271883e+03 5.552205935171050442e+02 3.432573801721460427e+02 3.039573315187590197e+03 6.006633409567932631e+02
6.109225573860265968e+02 2.054451144266748088e+03 1.167346345594198965e+03 4.947533811052441592e+02 2.317485038736813749e+03 1.140235728891946565e+03 8.709740960604425482e+02 4.351607117152637443e+02 7.462104429156682954e+02 3.764617557146937656e+02 1.757879424148193038e+03 3.268038295603434563e+03 1.012699966932431607e+03 7.821530622675483073e+02 4.197763890980273800e+02 1.853389730328777205e+03 9.533740502216417099e+02 1.224496705088929730e+03 1.415874621660745106e+03 4.353234288013952096e+02 5.635074282272635173e+02 1.458608446135612439e+03 1.407267474520504038e+03 4.213785656492623843e+02 1.259301470588235361e+03 1.595572312199885801e+03 3.175067233491982961e+02 9.519561647962641473e+02 5.772777884044255643e+02 2.535605069750672556e+03 5.083586135247450102e+02 7.222964167968071934e+02 1.174954644126064295e+03 2.517131059479911528e+03 1.241291929589580832e+03 1.666521071020881891e+03 1.699037781445243354e+03 5.868602679019212474e+02 1.519087577946905867e+03 1.344979661789111560e+03 2.186995182120876052e+03 6.466109147025813400e+03 5.531382857514893203e+02 5.922825483340188839e+02 1.639537680349783614e+03 7.296918233917183443e+02 7.955020460092116537e+02 4.315328111143955994e+02 3.275200028861589999e+03 5.231769504930222183e+02
6.723722602739726426e+02 2.181209523483283192e+03 1.143513525316455798e+03 4.495815352054511891e+02 1.698784663548581420e+03 1.238808312012670513e+03 9.556076286584167292e+02 4.884537034588533402e+02 5.902291230195100979e+02 3.610917460032333111e+02 1.799395309268032406e+03 2.313294904287055942e+03 1.342414449257425531e+03 7.107514107786828390e+02 5.377687076749433572e+02 1.749774363624373791e+03 1.116666980977369803e+03 1.866862738764044707e+03 1.683933856121715507e+03 4.959470692320207945e+02 6.996509609084954491e+02 1.520116750720460914e+03 1.743525953281537568e+03 4.748423432475883601e+02 9.446832508854329262e+02 1.643409386245501764e+03 2.423956696779261222e+02 8.358953206141341070e+02 5.999007720399794152e+02 2.156993898749495202e+03 5.944002329192546767e+02 5.534651863746446452e+02 8.303787612330584125e+02 1.725093214547976913e+03 1.650186702884332362e+03 1.745808912204534181e+03 1.225208651936444312e+03 4.406562306321661708e+02 1.606396055843759314e+03 1.272241218770166824e+03 1.408801791824514112e+03 6.774508490405416524e+03 1.235668659393214739e+03 8.324434853224252038e+02 1.918301989255683566e+03 1.084442633532354648e+03 7.259582338592484803e+02 3.086570529290852960e+02 3.984395162399168839e+03 6.408044249592169308e+02
5.993347063978964115e+02 1.877765178408308657e+03 6.229026518218623778e+02 2.937484951439651581e+02 2.632808719664966247e+03 1.219409990253411252e+03 9.878346733010346270e+02 4.065506201550387004e+02 5.235513770677839602e+02 3.705733668642596967e+02 1.860689495340405983e+03 3.666837287074378764e+03 9.804423748624864174e+02 5.458500378332665832e+02 5.517386474156514851e+02 1.906646925173656427e+03 9.068423772044890256e+02 1.234273088158190376e+03 1.256089465697627702e+03 4.416815342288396096e+02 6.861266724903543945e+02 1.488599334995843492e+03 1.752968392840919250e+03 4.185368774645830285e+02 1.011771407598653468e+03 1.646167464623896421e+03 2.964643973116871507e+02 9.008827001051211028e+02 6.463711828691838264e+02 2.586531890099054181e+03 6.512647217516782803e+02 6.364028149240110679e+02 1.161495209147488367e+03 1.591898048145738812e+03 1.675181958476377304e+03 1.888939071404326796e+03 9.854181485159441536e+02 4.826366387769857056e+02 2.941165137490252164e+03 1.302609655511508436e+03 1.990932070707070579e+03 5.888538159335523233e+03 1.396436760305048665e+03 7.506552053256336876e+02 1.891166534983758766e+03 9.570964983056314850e+02 6.995216386409244933e+02 3.049131780290053939e+02 4.149119152922011381e+03 8.484118397679898180e+02
7.265529743573629275e+02 2.316261127775168461e+03 1.292165673196562466e+03 5.368905376502691524e+02 1.453251797771312795e+03 1.190755946579411557e+03 7.621236492239179370e+02 5.524911337868479677e+02 6.894956134607826925e+02 3.912300603260172238e+02 2.337373664563064267e+03 2.165323936602652793e+03 9.897418668243292359e+02 5.658950803404450198e+02 5.447111777863809721e+02 1.971797188694466058e+03 1.007268003624943162e+03 1.936322169664929561e+03 1.764921172430317029e+03 4.985896141950188394e+02 6.888315992323430237e+02 1.363153211198023655e+03 1.244674939343447249e+03 4.681980538484049816e+02 1.280188811706428396e+03 1.681146923963133531e+03 2.641602700781806448e+02 9.166973828519816152e+02 7.367917445654165931e+02 2.556710158730158582e+03 6.858540568949021008e+02 8.409749819472860963e+02 1.237042271226163621e+03 2.477254541938206330e+03 1.244942972067665323e+03 1.846722713175326589e+03 1.517546603796786030e+03 6.428835314693055807e+02 1.537311944294882323e+03 1.071979276692699841e+03 2.032418565308620600e+03 5.722059022887827268e+03 1.086484387136864825e+03 5.830387922140449746e+02 2.143947442054165094e+03 9.976839477416602904e+02 5.810916416847229584e+02 2.235130362995637938e+02 3.335455697252915343e+03 8.657325507318438440e+02
5.851973601398601659e+02 2.682697244488326760e+03 6.363448373142748551e+02 2.926890050915095003e+02 1.456353304155321666e+03 1.212235954281271916e+03 9.206222868041051015e+02 4.724448555594665891e+02 8.781715065999087528e+02 3.865908090829838670e+02 1.534067016433917161e+03 4.088014234149203276e+03 1.048269267164336270e+03 7.576187170230491574e+02 5.410285896469770250e+02 1.760033563163896588e+03 1.144563308819817166e+03 1.984585710580165369e+03 1.912109890109890102e+03 4.353646231558892055e+02 4.579278905259973271e+02 1.797360176282051498e+03 9.684312572148180607e+02 5.595295788619353061e+02 1.362724672050325125e+03 2.281709895836595024e+03 3.145928135265310175e+02 9.369943805533442855e+02 6.944174948069504580e+02 3.377403882654764402e+03 6.385583425003824232e+02 6.104733784380052839e+02 1.131238262754348170e+03 2.378782682834407296e+03 1.525431771322882923e+03 1.948911596605388922e+03 1.393702325656669927e+03 7.204205264231788988e+02 1.923649573531162105e+03 1.296164198298218935e+03 2.011861280229204567e+03 8.129884894437743242e+03 1.339674972914409636e+02 5.347051314070545232e+02 2.008692327460779097e+03 1.241117574596222312e+03 8.357097280125473162e+02 4.015924115488472239e+02 3.427708630879093562e+03 4.826113426390841710e+02
6.667774868189806057e+02 2.378090438888654717e+03 1.033853610126581998e+03 4.763035721660128843e+02 1.485127246392714369e+03 1.631466718648473261e+03 8.829919884763962727e+02 4.743625904761904621e+02 8.164183632316355670e+02 3.476406324110670880e+02 1.772123932456784814e+03 2.718300717087453904e+03 1.069466366453212459e+03 7.689795244456319097e+02 6.898308729680916258e+02 2.566198271696122447e+03 6.613025210451512521e+02 1.844365441198501458e+03 1.942533190639724808e+03 3.365540875793586792e+02 8.599416367614879846e+02 1.954843596541787065e+03 1.312028024262250483e+03 5.261975665399239688e+02 1.576528819318807336e+03 1.795450812199036591e+03 2.959456402199528497e+02 6.963388996763753767e+02 5.667558311976763434e+02 2.844658390309554761e+03 5.766060178991992871e+02 5.182796461668070833e+02 1.101221591551390702e+03 1.390289158679446246e+03 9.784986873344453215e+02 1.848554369941577306e+03 1.245016458126448015e+03 6.018825104602511828e+02 2.836897165530572238e+03 1.438726453397252953e+03 2.011998116323160730e+03 6.880515923403571833e+03 1.160822619011407141e+03 9.889718383060637734e+02 1.779949415956343273e+03 1.056413953188054847e+03 7.528970431893687874e+02 3.752037454981993392e+02 2.969362669274015843e+03 8.466611007178594264e+02
5.998729689209447997e+02 2.375683592523714196e+03 1.105143933095319653e+03 5.066707965947097705e+02 1.585929951151295199e+03 1.047507118781035160e+03 6.638064654127510948e+02 3.648668085363978548e+02 8.986559606182656808e+02 3.450279027902789721e+02 2.026159947863327716e+03 2.193170933105191580e+03 9.572567316089564429e+02 7.430754897276635802e+02 5.889966766955735693e+02 2.117280238924838159e+03 1.096569522169608263e+03 1.901498911976788804e+03 1.667586219158883523e+03 3.449853844464438453e+02 7.131673672388898240e+02 1.542523503295207774e+03 1.721859871401909686e+03 5.247421429859660975e+02 1.300040775663196428e+03 1.612741213671998139e+03 2.750388296417829110e+02 1.264670731306058542e+03 6.293988745399149138e+02 2.516303638845069599e+03 6.158351031857342832e+02 6.845724150412786457e+02 1.377141038275060055e+03 1.559301729347107084e+03 1.614793027927169078e+03 2.406677273394829172e+03 1.270480948884704048e+03 4.663063358705865085e+02 2.986797686304954368e+03 1.043975245422223225e+03 1.982025022846135471e+03 8.214111559024899179e+03 1.417308245557050839e+02 1.076369557056036001e+03 2.611019717435181065e+03 9.215316215131870194e+02 6.369958350687213624e+02 2.965641126094008087e+02 4.451810338046477227e+03 7.078619081915016977e+02
6.873261079049080990e+02 2.831892178839569624e+03 8.997577677841373998e+02 4.409127971281653799e+02 1.609973768798359288e+03 1.747461303062412071e+03 6.460556009421867429e+02 5.767157771385957403e+02 8.709881944028284124e+02 3.361450555201230372e+02 2.484416831412147985e+03 3.351831638293167543e+03 1.341916346429595933e+03 7.460941059208207662e+02 6.768188395867023246e+02 1.967253347951679643e+03 1.200854643163373566e+03 1.876389374777585772e+03 1.688121226700490524e+03 4.089557082969173507e+02 6.229009067429926745e+02 1.237321756599089213e+03 1.776241665322530025e+03 4.526229045421098931e+02 1.185385734015760590e+03 2.014934516964305431e+03 2.962460215361159044e+02 1.050628932806324201e+03 8.208445445968388867e+02 2.460483576078765509e+03 6.474234278110676541e+02 9.951118426785698148e+02 1.204739284512420227e+03 2.393959281392395496e+03 1.656187894968672026e+03 2.370216010840267245e+03 1.275945144941965282e+03 4.361114479695974069e+02 2.896398598512209901e+03 1.414495050927687089e+03 2.158285330021607933e+03 8.095654927370391306e+03 1.437465836402403454e+02 7.881083798121157997e+02 1.852201733615221883e+03 8.311971021531488759e+02 8.145146818229102337e+02 4.389037866509503374e+02 4.853235841681054808e+03 8.414437384953388346e+02
6.738870940014531925e+02 3.117665009932363319e+03 1.050524529844643894e+03 4.593918948874514285e+02 2.551891450520771286e+03 1.719671956809458152e+03 6.845571600368583631e+02 5.318061383770198063e+02 9.444455154755626154e+02 3.154071047379196671e+02 2.605669803059974129e+03 3.504299232494236094e+03 2.071108337088778626e+03 7.522568588874246416e+02 6.528787487258997544e+02 2.800418266884812965e+03 1.088538243330621526e+03 1.443964870019070531e+03 2.289557292799340303e+03 4.837645817329702140e+02 8.103938132133927184e+02 1.652278619447393112e+03 1.699758489707722674e+03 5.259299539170506250e+02 1.073604684170427618e+03 2.968623322219372767e+03 3.152770290506138622e+02 1.097488473224185782e+03 7.993528236923037866e+02 3.233909181200845524e+03 6.311284421910726223e+02 8.466174451037071549e+02 1.156524286898750006e+03 2.375226217861446457e+03 1.655747134212801029e+03 2.159913034153665649e+03 1.340042447672208027e+03 6.339550276976297027e+02 1.800974109507594221e+03 1.248641163578402029e+03 1.073674881273263964e+03 7.997979270338832976e+03 1.315705655396487259e+02 7.180809595202398441e+02 2.131913826350762065e+03 6.343844363255176404e+02 7.662818306559072425e+02 3.733136099748742254e+02 4.800186180529271041e+03 5.290753186438392959e+02
6.294177052999418720e+02 2.394113984124303443e+03 9.971887469337691527e+02 3.894295837780149441e+02 2.665603276518285384e+03 1.090634379330018646e+03 9.350317087569694650e+02 4.832333333333332916e+02 8.966315359261701587e+02 3.702875337290879543e+02 1.945358313817330099e+03 2.688224994472695016e+03 9.326313564668769232e+02 8.620661050942637758e+02 6.546868254446789024e+02 2.664031042458285810e+03 7.098275718359290067e+02 1.766470370370370802e+03 2.135733124849650267e+03 4.819263972625062706e+02 8.154639404747265417e+02 2.037837904081829720e+03 1.412274007097038293e+03 6.268606181015453558e+02 1.284815768949549465e+03 2.246416918305720628e+03 2.898396226415093793e+02 7.334235765595461771e+02 5.898272493352775427e+02 4.274512576437015014e+03 5.821231512484453106e+02 8.617246671637022928e+02 1.342804600740349088e+03 2.384361117502053730e+03 1.651797508157816992e+03 2.437971175808267617e+03 1.597145771214583419e+03 6.201092062000939222e+02 1.410814467031266076e+03 1.404036345885634773e+03 2.115964965694682178e+03 8.671466784253987498e+03 1.151740671641790925e+02 5.597548169436460057e+02 2.799744232558140084e+03 1.036244657600777145e+03 6.936062727556433174e+02 2.659558616963802820e+02 4.822273365093114080e+03 8.691451665578050552e+02
6.004655417668120663e+02 1.817320338595084195e+03 8.209984768650331262e+02 2.266263801987486204e+02 1.452519791213571125e+03 1.123503014077134821e+03 7.676802402858572805e+02 4.408620372823457956e+02 8.064556263977440267e+02 2.585790894878961694e+02 1.711445424320973871e+03 2.825901497608712816e+03 2.078115403136087025e+03 7.457104628362650374e+02 4.842421385893497927e+02 2.211339498572214779e+03 1.107838283828382828e+03 1.765673252732495939e+03 1.891434148276633323e+03 4.248495150210544011e+02 6.156814268142680930e+02 1.767584876111639005e+03 1.606351147780048905e+03 7.143643052938846267e+02 1.249180132829840204e+03 1.757855255639711459e+03 3.128483945713340404e+02 8.120506082066068529e+02 4.682207917082352537e+02 4.240923731056136603e+03 6.597043010752688588e+02 5.456672228120734189e+02 1.468706319288702161e+03 2.279850325681842605e+03 1.659551860276623074e+03 2.388639215055493423e+03 1.649890348707917610e+03 6.606836500898347140e+02 2.883874431666947658e+03 1.656557075076751516e+03 1.983589803296770469e+03 8.272244227419099843e+03 1.408572150761107764e+02 7.131314175816212355e+02 1.770898803443945781e+03 1.108585661579884800e+03 6.953165786185580828e+02 3.763707827868463482e+02 4.393404821156631442e+03 9.363084476666817864e+02
6.605864377749229561e+02 3.264912884605449108e+03 1.225233289930555657e+03 4.785978385835824724e+02 2.646645245930247711e+03 1.837120096839127427e+03 1.090324578285147709e+03 3.699548748705865364e+02 6.898078272485723801e+02 3.200637975909448301e+02 2.807463324609087067e+03 3.246681821811860573e+03 1.013698852593373431e+03 9.146942628903414061e+02 6.708112069110403581e+02 2.207615131174547059e+03 1.157247704290623005e+03 1.158670491417427456e+03 2.847443551555412796e+03 4.192359108781127475e+02 5.847263169544046377e+02 1.338938467662976109e+03 1.120173944372387950e+03 8.308080550237539228e+02 1.837440345269696309e+03 1.571457044112444464e+03 3.204301404183417503e+02 7.513095214063420144e+02 5.722515212207916875e+02 2.913287771958859594e+03 4.628253007546887829e+02 1.000509660028736675e+03 1.552657017256306517e+03 1.650766918702157909e+03 1.021768361581920999e+03 2.373095860216014444e+03 1.481910999575851747e+03 6.198242503715360954e+02 2.908911836997221144e+03 1.270413997627520757e+03 1.684771716303932635e+03 8.090683836756609708e+03 1.340415739999407094e+02 8.860758264836374565e+02 2.662587606395214152e+03 1.059971873339995682e+03 7.483288167161397269e+02 4.923155427335017293e+02 3.827974818628970752e+03 7.094492505613204685e+02
5.794399043155634672e+02 2.054840320230850466e+03 9.806277243319269701e+02 4.494276733888545436e+02 2.191743256341324923e+03 1.863161008230452580e+03 1.232540379900623520e+03 4.001967195767196017e+02 7.182471447485195313e+02 2.378417175709664946e+02 2.039732941778460372e+03 3.747595890957527899e+03 1.984358121600220557e+03 7.581393119007332189e+02 6.505691685062545275e+02 2.538804460857587401e+03 1.159129368463248284e+03 2.116405892634207248e+03 1.930601416287303891e+03 5.516750230614791235e+02 7.407436177972283531e+02 2.393427067990180149e+03 1.401076875894500063e+03 7.536419193396379796e+02 1.914597926881494914e+03 1.795450945247012669e+03 2.530066334991708175e+02 6.522445498105919341e+02 6.021770317216243029e+02 2.452483452968446272e+03 6.344205893128172420e+02 6.064321117663579344e+02 1.388983762209330962e+03 1.123012206111247451e+03 1.488792319347700641e+03 2.721479641242786329e+03 1.398712928022361893e+03 5.993404618007128875e+02 1.448889601067137164e+03 1.358653042828021853e+03 2.160743087408857264e+03 1.100574653028158355e+04 1.143615057034220399e+03 9.945782001924928863e+02 2.901152718270970126e+03 1.397241520939826160e+03 6.755695713362864581e+02 3.253217668019589155e+02 3.527397743013118543e+03 7.961260483890459909e+02
6.488666310160427884e+02 2.758646989280427533e+03 1.186847044441248272e+03 4.774370322684478083e+02 2.566389153742873077e+03 1.207912241757082711e+03 7.744739912493922702e+02 5.506781513499302037e+02 6.835720153150017495e+02 3.233120853306243703e+02 2.453797746179714977e+03 3.995274961717401311e+03 9.942861330842924872e+02 8.130707156508813114e+02 7.562205239593953365e+02 2.696260159958994336e+03 1.061286048875905863e+03 1.324063279924183917e+03 2.646811572951328344e+03 3.435258461214043564e+02 8.733924268502581754e+02 1.261161151960784309e+03 1.215867201669208043e+03 6.499477277429144806e+02 1.857430214467744463e+03 2.661525148843023999e+03 3.115088227588651080e+02 1.190472054712947966e+03 6.045429414286073779e+02 2.363861857215771124e+03 5.937776750249299766e+02 9.960842424924080660e+02 1.220466599598477387e+03 1.928954679802955752e+03 1.638925572120846482e+03 2.434815980171419596e+03 1.779541713592653650e+03 6.862759171385825994e+02 2.953921269301944903e+03 2.204605477521183730e+03 2.027783962984851314e+03 1.004193642050558628e+04 1.186255178127589005e+02 1.015825703708056949e+03 1.847753652283281781e+03 6.905905570251394465e+02 6.336276243567228903e+02 2.773518928363424720e+02 4.776538899430739548e+03 8.540840884656735170e+02
5.889470867840896062e+02 2.550205572925468914e+03 1.046831542968750000e+03 4.462762023075164848e+02 2.054706900414473239e+03 1.023377152358413241e+03 1.068942161975989166e+03 5.698815866980828559e+02 6.542364780081890103e+02 3.255021551724137794e+02 2.465258816522381039e+03 3.041893493945928185e+03 1.848657539473683983e+03 1.407652755185034721e+03 5.043969487295825616e+02 2.863712989599469438e+03 9.459271074061848594e+02 2.174020554547516440e+03 1.999470006823472886e+03 4.431265525412648572e+02 7.283335924866275946e+02 2.410058935315192684e+03 1.705487243156529303e+03 6.651216496490108057e+02 1.862816049809051492e+03 3.152929392195280798e+03 3.118942383324593379e+02 1.253193446748921360e+03 8.781001416187449422e+02 2.363122018145983475e+03 6.010200667691420904e+02 7.825976374799785162e+02 1.407196790604433318e+03 2.537622871353903065e+03 1.198754106858054229e+03 3.005805600235913062e+03 1.653406303011026466e+03 6.746920511613309372e+02 1.361640427951209631e+03 1.438770885810243726e+03 2.010938385464581643e+03 7.720037444180710736e+03 1.221337736856151821e+02 1.016229521276595733e+03 1.613321816770186388e+03 1.000323636658293367e+03 7.048590347571188204e+02 3.636489050108147012e+02 4.275118327896161645e+03 4.839052976515565661e+02
5.093574158600967507e+02 3.110735232734632064e+03 7.682156167713184232e+02 2.546766133195663429e+02 2.480256600977109883e+03 1.270053514863547662e+03 9.187037625253783517e+02 4.267597751322751378e+02 6.079658242765485738e+02 3.686579514824797457e+02 2.406264878366638641e+03 2.499137576661694311e+03 1.050420124159338002e+03 7.612853994122360746e+02 5.454445385426075745e+02 3.148369874399704713e+03 9.691577299573441451e+02 1.312015759607461177e+03 1.517925784681734740e+03 3.904029790004883580e+02 7.726779449317197077e+02 1.568996733909702016e+03 1.545809264374872100e+03 6.230569029850746574e+02 1.288690105619768701e+03 3.210412086693549099e+03 3.017159269442262257e+02 1.122250131717597469e+03 8.946739158326915913e+02 2.759853821548821543e+03 4.641649372700688900e+02 9.886939237573717492e+02 1.509513105891125861e+03 2.350422249343616386e+03 1.642728060924163628e+03 2.521730963548646741e+03 1.363306991988346454e+03 4.012556369130637677e+02 2.934751056840175352e+03 1.314952037429703978e+03 1.986823477662178675e+03 8.340324296705935922e+03 1.186940344881155852e+03 9.513782348338952488e+02 3.212677655552518445e+03 9.648541851642585243e+02 6.805476184292539301e+02 3.452851906158358020e+02 5.022010096300826262e+03 9.268865972373284876e+02
6.439945945945945596e+02 2.088404684091261061e+03 1.131111988274192981e+03 3.420939393939394222e+02 1.399029722284267791e+03 1.803220488573680086e+03 7.615391450748879834e+02 4.141082289100710341e+02 5.724854579044603042e+02 3.238850525052504850e+02 2.519633404710920786e+03 2.008698990345640823e+03 1.906312784379710365e+03 8.124869650674528430e+02 5.396091059852253693e+02 3.133492410080563332e+03 1.261854213421342138e+03 1.809238489217684446e+03 2.977410279849250401e+03 4.796006735104014069e+02 6.189896678966789523e+02 1.548130061507744813e+03 1.498308969721786070e+03 5.755667537256107380e+02 1.096223450069066303e+03 2.876208908116344446e+03 2.318508735150244604e+02 1.097984208667574876e+03 8.894877548103038407e+02 3.692552837794989955e+03 5.771757296466973912e+02 8.828286761305012078e+02 1.455437675027702198e+03 2.310991705272446779e+03 1.555942586520947089e+03 1.974069158043357902e+03 1.583948336041828725e+03 5.842645578870445888e+02 1.457303416245226572e+03 1.788067082209197679e+03 1.342404338501133452e+03 1.380607971113340136e+04 1.244656705798648062e+02 9.979256496892336372e+02 3.308620269454363552e+03 1.009928865144892256e+03 7.630817437178952787e+02 4.460143449270138944e+02 4.896223750561364795e+03 1.000646033129904140e+03
5.844667835232252173e+02 3.184769020616383841e+03 1.194881025641025644e+03 3.397538144754452674e+02 2.329910199155099690e+03 1.902790686593025839e+03 1.077512836628693549e+03 4.314651162790697754e+02 6.217555933830910817e+02 2.972410993353691424e+02 2.498048006049687501e+03 3.586257304384656436e+03 1.787519691969196856e+03 1.327099977745137267e+03 6.926233719356293932e+02 2.546548639760836977e+03 1.235850021862702306e+03 1.807844555963348739e+03 2.164875308148976274e+03 4.675583104062145594e+02 6.410112397175511205e+02 2.443874659505083400e+03 1.685138711728899807e+03 5.325347548804829785e+02 8.772598273723643842e+02 2.074026960314927237e+03 2.640593872741555401e+02 1.007025929819292287e+03 8.042401845207585893e+02 4.427102353099367974e+03 5.934234142668925642e+02 7.770215155663191808e+02 1.470041385632267065e+03 2.260322923443938635e+03 1.620966159882295187e+03 2.556530324954892421e+03 1.448589544301004025e+03 5.171556863960333885e+02 2.946074024344759891e+03 1.980951919117420857e+03 2.750291365265558852e+03 1.167482613572630362e+04 1.496296920552176744e+03 1.020276355470003182e+03 2.216294249846369894e+03 9.060919692324242760e+02 7.140718704587918637e+02 4.526826310380267273e+02 4.488473052331500185e+03 8.909657422512234461e+02
6.693459426174944156e+02 2.245617362665203018e+03 9.484210188012212939e+02 2.921742944555444979e+02 2.542854765627492725e+03 1.716913426265590260e+03 7.989023098908305656e+02 3.535515996266772163e+02 5.884186743581042265e+02 3.398148386267198475e+02 2.726086188436830980e+03 3.666669356621710904e+03 1.012605561648363391e+03 9.978378833709844002e+02 8.056538088776896984e+02 2.635078693498305256e+03 1.121306459217350266e+03 1.054682828457117012e+03 1.357268634660985072e+03 3.388849600782141351e+02 6.282983658408012388e+02 1.564293581020467400e+03 1.581527693012644704e+03 4.092639641814628817e+02 1.032207791152537766e+03 1.820660762386743954e+03 3.546883423180593695e+02 9.327188587861357973e+02 7.947681619349858693e+02 4.900287082872283463e+03 5.357330069124424199e+02 8.589880609304240124e+02 1.681339528558477014e+03 2.310029568875862424e+03 1.559944006812859243e+03 3.218001562535904213e+03 1.585106711348427098e+03 4.182961612455818567e+02 2.870508735974522097e+03 1.627602089230891806e+03 1.948939789728011874e+03 8.079761971629173786e+03 8.241412562890685933e+01 1.022814148059423928e+03 1.454013440681349266e+03 1.071109866093110440e+03 4.855114535610163102e+02 3.628363926576216727e+02 5.301121300717630220e+03 8.302607734462571898e+02
6.656412524461837847e+02 3.261605427836634590e+03 1.110320361663652420e+03 3.426012507005692669e+02 1.721503374115323368e+03 1.649616158451684441e+03 6.756377921822823964e+02 3.726260841971651985e+02 6.347304289268412276e+02 2.703217685852857244e+02 2.252851175780914673e+03 3.741304189981610762e+03 1.988722153465346764e+03 8.024700719342099546e+02 7.680964205095129955e+02 2.662339186795793921e+03 1.107856346343063251e+03 1.805760513643659579e+03 3.074966855682452660e+03 4.704991632188184099e+02 8.725107166255889979e+02 1.854814121037464020e+03 1.769053188071384739e+03 4.741836973316073909e+02 8.682251968850366666e+02 1.653097503855600507e+03 2.711231062731455381e+02 9.548649485533659345e+02 6.331844475360619526e+02 4.710698236616146460e+03 6.028103573445187067e+02 8.086894959310458262e+02 1.676763300782894476e+03 2.261556846792241686e+03 1.582850373505627203e+03 3.465218294167642853e+03 1.218554972336501578e+03 6.584885121076630412e+02 1.698191289942892126e+03 1.272205599968391653e+03 1.191428047694698080e+03 7.668160712854967642e+03 1.342282703845250580e+03 9.279066238141070926e+02 1.915812252524802716e+03 8.093678277507549410e+02 7.517288324090276319e+02 3.353038467185434683e+02 4.913169797814016420e+03 4.634290375203914891e+02
7.333026586151513584e+02 3.155224360057722151e+03 1.182189492661942950e+03 4.262908033250733411e+02 2.147071813254518020e+03 1.054281164078291567e+03 9.945411210189798794e+02 4.156854861963569192e+02 7.500943681862979702e+02 3.205108753315650461e+02 2.281343885025785312e+03 3.879725914490220021e+03 1.823601004048583263e+03 7.408458305961353290e+02 7.509546744846201136e+02 2.765888232590601092e+03 1.263989012198322598e+03 2.177080412443079240e+03 2.264578358784989632e+03 4.255035890731266477e+02 7.846820787124308936e+02 2.390575667965229513e+03 1.474267668572808361e+03 4.582267439006431005e+02 1.144307729809801913e+03 1.586018249527433909e+03 2.801529990722439152e+02 6.881667957354885630e+02 5.880825944290023699e+02 4.873872575569054789e+03 7.865714137913196282e+02 8.167307404821551700e+02 1.992873695787531915e+03 2.327273997120733839e+03 1.239497713981924562e+03 2.808912609346580666e+03 1.867110741393184071e+03 6.550276208411802372e+02 2.961364243571189945e+03 1.418564978076313082e+03 1.850086533154058543e+03 8.458550527478717413e+03 9.772203403748638095e+01 7.754314624049291069e+02 3.354657413600892141e+03 1.188087612897595818e+03 6.985912897822446439e+02 3.316894237701736188e+02 4.343892157124474579e+03 7.940516573541149228e+02
6.121963358596407261e+02 2.064812220155008163e+03 9.645053652754384075e+02 4.710477395234910887e+02 2.480624112091668394e+03 8.999372469635626430e+02 6.718602681721947647e+02 4.140290374589768021e+02 8.545588395835441133e+02 3.584321026932067866e+02 3.193741742451894424e+03 3.181267944678987078e+03 1.385738993257419224e+03 1.345610932310571343e+03 5.413280205715078637e+02 2.594822312523088385e+03 1.173793267653270050e+03 1.176593503761132297e+03 1.473613663741180744e+03 3.687597579159722727e+02 7.906516145970070966e+02 1.842623052451260492e+03 1.609809213978382104e+03 4.219754395443596877e+02 1.283975930360172015e+03 1.957620186438449991e+03 4.024602090760771489e+02 6.042253521126759779e+02 3.047542621677484362e+02 4.699981793783773355e+03 4.689541425706895552e+02 8.769698207397323131e+02 1.851267417474827880e+03 2.264322662896670408e+03 1.576125927659542413e+03 2.920008041170794513e+03 1.495130805200143868e+03 4.467720210343059080e+02 2.518419788331414566e+03 2.447964467581100962e+03 2.363596780577912341e+03 1.374679659846326649e+04 5.703585202843640900e+02 6.767068316299084927e+02 3.111313417370496609e+03 8.276912149114908743e+02 5.870576623127313951e+02 3.284487823734054928e+02 4.766754322647607296e+03 7.522793095080704688e+02
5.536647386461011138e+02 3.637437143639100668e+03 7.530326621923937864e+02 2.700568853087839898e+02 1.249475002360049302e+03 9.500431109657727120e+02 6.608583667477375911e+02 4.931317404062344849e+02 9.509020465897539225e+02 3.165990210385504042e+02 2.337970176969372005e+03 3.892595002305209618e+03 1.006782753344719481e+03 1.445470535467844456e+03 4.816301760225954922e+02 3.114793322512033228e+03 1.128490133274427762e+03 1.841645651619484852e+03 2.534581939306204276e+03 4.699366096866096996e+02 6.882694950764717987e+02 1.720719107108270464e+03 1.070704860870569291e+03 4.848987613542525992e+02 1.231312157246022480e+03 2.640158846610848741e+03 2.364301499605367383e+02 5.996599497181167635e+02 3.685412464442720193e+02 4.144057574101898354e+03 5.402459858702632118e+02 9.271345885634588058e+02 1.557452128599187745e+03 2.219701068917018347e+03 2.911980293975124710e+02 2.631936404450168084e+03 1.629922429486725150e+03 6.302989905463867899e+02 1.665250957457820050e+03 2.204539018063629555e+03 2.480387168141593065e+03 1.673624882922890174e+04 1.321502379028638074e+02 5.485543165016915736e+02 3.218587035174105040e+03 1.185293899534480943e+03 6.835114418474653348e+02 4.042978677908114378e+02 1.688898531810766826e+03 8.600128611505811023e+02
5.828523998136066666e+02 3.221961463215527147e+03 1.433030794137695921e+03 3.737356979405034849e+02 2.357075827495459635e+03 1.594567905763430190e+03 8.506733027222040846e+02 4.689289985052316183e+02 1.105695038268672533e+03 3.095726072607260448e+02 2.119267844396859346e+03 3.853649025351905493e+03 1.960084341150489081e+03 8.751887120502874495e+02 6.329651490024624536e+02 4.131202860510950813e+03 9.982873481188696587e+02 1.968753111512596661e+03 2.968492048218533910e+03 3.319716745423931457e+02 5.059239237392374093e+02 1.995369519765833275e+03 1.670176903478241002e+03 4.047241474147414806e+02 1.549623737168549042e+03 3.025148412633639964e+03 2.507140985324947735e+02 5.208046628859483462e+02 4.080974497526947289e+02 3.092599707840739484e+03 7.208757159770887029e+02 7.695628756356911708e+02 1.510415917503966057e+03 1.834403800082610587e+03 1.616844838431995640e+03 2.605126910085250074e+03 1.716884888951694620e+03 5.489801910429064264e+02 2.923507533539731867e+03 1.545560749837194180e+03 1.695620751633987311e+03 1.268435801874807657e+04 1.241333155460689852e+02 7.010743961957201691e+02 2.336995180452813202e+03 1.245699085316496621e+03 5.676990976921742913e+02 3.593475701327567435e+02 5.686992005737307409e+03 1.030909437663469816e+03
6.720680470123022587e+02 2.601815106033137909e+03 1.037432438818564833e+03 3.426887776171794258e+02 2.218204138549038817e+03 1.752914284167208507e+03 7.047450075296274008e+02 5.044538624338625254e+02 9.866288027585002283e+02 2.880113187208049226e+02 2.903073816992592128e+03 2.361569738320166380e+03 1.910636920746402438e+03 7.568270772107935045e+02 6.499373871161950547e+02 4.579835988745274335e+03 9.389857330272220679e+02 2.258391310861422880e+03 2.425009943295263838e+03 2.017223397905474940e+02 6.607216812545586890e+02 2.469226272814601998e+03 1.874564063245416719e+03 4.478957541191381324e+02 1.833100540129526280e+03 3.065158614232209857e+03 4.122995548572925486e+02 5.565639472165776169e+02 2.650101799646905647e+02 2.547623093315387905e+03 7.377736536347936180e+02 8.802660242909295221e+02 1.431806125737517732e+03 1.188652999645012414e+03 1.532439141240720801e+03 1.761942452341391117e+03 1.619582820258192669e+03 5.462649930264992690e+02 2.822030538881540906e+03 1.548768415230017808e+03 1.974292020875380103e+03 8.985934827604625752e+03 1.239262991128009844e+03 8.753083694257301204e+02 1.442983080022249396e+03 1.041444619316653416e+03 6.521151370431894065e+02 4.252787972331789774e+02 4.754222836714739969e+03 1.008927343919947816e+03
6.793450678790711663e+02 2.753076702342495992e+03 1.189734641197728251e+03 3.505749764619731650e+02 2.420619973739090256e+03 1.717153873595338382e+03 7.847987666051163842e+02 4.094805076026066786e+02 1.063766464539306526e+03 1.916697621969420595e+02 3.302570215206634202e+03 2.021403877781968959e+03 1.794422637993945045e+03 7.131461370536719642e+02 5.532194940783228958e+02 4.596974435952495696e+03 1.021916922706187165e+03 1.233268206162621027e+03 1.723457718572242811e+03 4.641884525730679343e+02 7.310570367407576668e+02 1.967527283291954973e+03 1.503372698932518460e+03 4.574414233165679207e+02 1.969278635845340659e+03 3.301144672288666243e+03 1.908904355313195254e+02 7.080508221018659469e+02 2.704508545501563503e+02 2.235970533086636806e+03 4.420007356805044765e+02 1.357862422096731962e+03 1.609971383147853658e+03 1.052064487917146153e+03 2.874417409435984609e+02 1.941032195750161009e+03 1.440655584857726581e+03 5.735416527071710107e+02 1.345946156524357320e+03 1.301800913693469283e+03 1.813895816572807462e+03 7.478725107351269799e+03 1.353547976397424009e+02 9.713761547311224831e+02 1.559475647029943730e+03 1.195499689981989832e+03 7.201224571466681255e+02 4.112318048520393745e+02 1.260177547085866763e+03 6.843774282335874659e+02
6.331987630263490701e+02 3.188250451992798844e+03 1.196421812975857620e+03 3.495940877304514061e+02 1.120299855828781574e+03 1.762506191778385528e+03 5.473787769462417145e+02 4.290867808425910539e+02 1.116483480889656676e+03 2.650174290156288066e+02 2.249166050223866478e+03 2.460911723916145547e+03 1.273840438245107862e+03 1.315617285153870398e+03 7.750247111549690544e+02 3.765237884067152208e+03 1.446104110411040892e+03 1.731997982390523703e+03 1.480788549434688548e+03 4.506567911475846131e+02 5.679724253606171942e+02 1.812768252518421150e+03 1.443891254040438753e+03 4.163726867693683857e+02 1.949177142350620898e+03 3.313418585495804109e+03 2.019393939393939377e+02 1.117471400855841466e+03 3.719854501789487244e+02 2.319157951302671790e+03 5.270194805194805667e+02 9.360985066806391615e+02 1.483746394131706893e+03 1.421244269297875917e+03 1.653229426906923209e+03 3.005643031570327366e+03 1.938330582016019662e+03 4.426695612561570101e+02 2.854003208887304027e+03 1.724627813158095023e+03 1.695829301037831101e+03 7.743019181179902262e+03 1.585069370330843412e+02 9.571309313887213648e+02 2.297267307448024440e+03 1.085977703209854781e+03 6.998980349096966620e+02 3.713750880584543097e+02 5.112126317385698712e+03 7.986012522786717227e+02
5.436342822834841400e+02 3.158946181327527029e+03 1.137923924753459914e+03 3.376710244381305870e+02 2.284825685044569127e+03 1.635685805422647718e+03 7.936924341713332751e+02 4.269463384508495665e+02 1.200118609163522251e+03 2.808143741931266391e+02 1.932902723688127253e+03 3.048370268762906562e+03 1.852235969976361730e+03 1.399343597720285516e+03 7.864338065187336042e+02 2.773930233785424662e+03 1.569678203891700377e+03 1.870879707390833573e+03 2.998753163775765188e+03 3.268055078472016248e+02 4.549214207479267884e+02 2.277124505359155137e+03 1.254729914243726398e+03 3.684144784100885772e+02 1.833927460531720953e+03 3.320279163837137730e+03 2.166168678140398356e+02 9.038340974094397779e+02 5.487521000560014954e+02 2.431880734618916449e+03 7.018978998550737742e+02 5.522097460062061600e+02 1.481765685019206330e+03 2.087972998776740042e+03 1.576035917566241778e+03 3.703050851587437592e+03 1.966782650045446189e+03 6.122185707642224770e+02 2.857339272319816246e+03 2.453108458979021634e+03 1.649343740959162687e+03 8.582917005553368654e+03 1.005710157171781702e+03 8.931059999338120861e+02 2.870301493732224117e+03 7.256968131553650210e+02 6.860062930521302178e+02 4.456917487485870879e+02 5.262444445681024263e+03 8.905100521147511472e+02
6.366699619771862899e+02 3.168128126163006982e+03 9.203646470955652603e+02 4.029201076149257119e+02 2.269982103036194076e+03 1.588272636571802195e+03 6.602560936068230149e+02 5.487125726744186522e+02 1.012915331564986559e+03 2.173985036496349892e+02 3.072839892545332077e+03 3.288667023603914913e+03 2.037370199185649881e+03 1.523621946169772173e+03 7.216535919975748357e+02 2.630437221494103142e+03 1.528776670716889384e+03 2.185325569620253191e+03 2.933054621713180040e+03 2.820183177570092994e+02 5.549531309538930373e+02 1.950894423431286668e+03 1.619630000692856584e+03 4.694503882372376893e+02 1.925063220609214113e+03 3.374434743653559508e+03 3.655842898704046320e+02 9.935990871818673895e+02 6.662059477537737848e+02 2.455113362249894635e+03 7.328247206430110054e+02 9.337556973163219709e+02 1.840400636797816560e+03 2.403863465160075521e+03 2.745788104089219246e+02 4.128165623154164678e+03 1.739864041436072057e+03 6.177338141025642244e+02 2.847231951927060891e+03 2.547458555790281935e+03 2.523969762153525153e+03 1.370057034189763181e+04 1.001648902821316511e+02 8.915618270799349148e+02 3.192790467616374372e+03 5.812206116774791553e+02 6.301062401678026390e+02 4.863107280396112628e+02 1.785170790471034252e+03 6.832882568603489517e+02
6.233831133948382330e+02 2.625750657108721953e+03 1.054191136246786527e+03 4.196418946884340926e+02 2.277038996182349365e+03 1.616581867145421938e+03 8.730282935803928694e+02 7.481688726804676435e+02 1.038997014136609778e+03 2.302344274252370440e+02 3.230222025367424067e+03 3.611330316942308400e+03 1.939189436619718208e+03 9.325950884895049739e+02 7.119440931780366100e+02 2.555740808069611376e+03 1.509295828735378336e+03 2.037928815101205373e+03 2.869354228295819667e+03 4.532902727571475339e+02 7.528804033864543044e+02 2.379675840030986819e+03 1.413097416569587722e+03 4.449437399935959547e+02 1.798629064560774850e+03 3.362263231083844857e+03 2.355766063467086155e+02 1.009365888771025880e+03 7.760031421703297383e+02 2.428409187423437743e+03 7.685291190316074790e+02 9.450153698161608418e+02 2.098277494515469698e+03 2.366702834008097398e+03 6.016099910106587458e+02 4.365137612612612429e+03 1.411418988326848194e+03 6.215262655205349347e+02 1.970920984081041752e+03 2.271382877482203639e+03 2.547551774094536086e+03 1.664214281454017328e+04 1.284272824345968900e+02 9.828398047315059785e+02 3.429117522564581577e+03 1.058253880463871610e+03 7.470643755238893391e+02 3.135301117922826961e+02 3.868136110049676063e+03 6.716913998470112119e+02
6.861696983812739745e+02 3.988790423914879739e+03 1.068225715453801968e+03 3.478033643673296069e+02 2.328889981805149546e+03 1.510961838780666994e+03 6.519525614955722403e+02 4.790282034908472042e+02 1.036479414865577155e+03 1.838701565029681717e+02 3.222411808759612541e+03 3.693151193897855137e+03 1.875054132492113695e+03 7.903565182511032390e+02 7.760279469400061316e+02 2.691849186256781195e+03 1.644260271572492911e+03 1.090655149051490525e+03 1.981093229709157868e+03 4.418092227472706099e+02 7.637776903209938837e+02 1.827851201389559037e+03 1.747433012623678223e+03 3.568932258064515963e+02 1.799597937139608803e+03 3.497787073608617447e+03 2.389490041928720530e+02 1.027826534623525959e+03 7.052417874603310111e+02 3.097136503838576573e+03 5.712858037578288304e+02 1.588994888178913698e+03 2.080363247154594319e+03 2.281506391718698978e+03 1.611628512233622587e+03 3.535646839311566055e+03 1.200500204903554049e+03 7.108366682323470513e+02 1.580485130533484607e+03 1.340215955369595576e+03 1.973976684636118534e+03 1.652481774161221983e+04 1.529076226012793711e+02 9.427192653673164386e+02 3.166604498323445569e+03 1.065668306895435762e+03 8.373765525850410540e+02 3.052135422294255136e+02 5.769769215601701035e+03 7.121246761728530146e+02
6.302855671232875920e+02 3.363132433913739987e+03 1.102754389873417495e+03 2.762834400165186821e+02 1.192006397103198651e+03 1.134823992852501533e+03 6.165574674261767996e+02 3.230197799873069471e+02 1.190393793374362076e+03 2.548281300520927175e+02 2.231600040034696576e+03 3.714957074194796860e+03 1.347560602310230934e+03 7.393049285428076018e+02 7.322282016553801895e+02 2.438870313901345526e+03 1.397537465835793455e+03 1.595355310861422822e+03 1.337585192875968460e+03 3.376693784575333552e+02 6.930186503603408710e+02 1.722639827089336904e+03 2.026698671028419540e+03 4.940472668810289747e+02 1.649622004927625767e+03 2.960269812075169739e+03 2.751180413720869069e+02 1.028075366899977553e+03 6.884171194259355389e+02 3.671044171036708121e+03 5.810892339544512879e+02 8.956229546172475011e+02 1.956043223335297853e+03 2.260619174281984215e+03 1.506849151378397210e+03 2.739254821246717256e+03 1.308245971532605154e+03 3.806219708707777727e+02 2.768225572169666975e+03 1.461951617958882935e+03 1.807920334840523083e+03 1.649006110888550393e+04 1.264438977731281057e+03 8.663924205967277885e+02 2.632501428126528936e+03 9.244454413425851271e+02 6.841766452148639246e+02 3.415714628297361628e+02 5.264525531654851875e+03 7.242835236541598078e+02
8.161975604240659550e+02 3.530684675185047126e+03 7.812164838724605715e+02 2.948465546437410580e+02 2.264695515632350634e+03 9.634494966016063699e+02 5.260909128064281504e+02 2.747873600344530587e+02 1.175500736811081651e+03 2.483144156213210465e+02 2.123398635674205707e+03 4.001711949611720684e+03 1.350662827237934835e+03 8.501348800810203556e+02 7.071225641284758012e+02 2.467590479989363303e+03 1.065581992464130963e+03 1.644552136358597863e+03 1.884593820174256734e+03 3.164293316667613567e+02 7.688661612953318354e+02 2.238493695441319232e+03 1.578606683606683646e+03 6.090884188881544787e+02 1.823670732844646182e+03 2.480032500946943401e+03 2.680230635719117913e+02 9.938861641869301593e+02 6.508017114104069378e+02 4.132610714452377579e+03 6.618466749439107844e+02 6.377229005487723725e+02 2.303249620867455178e+03 2.352462243565922108e+03 3.260848888136995356e+02 2.638994564082367560e+03 2.714269413304321461e+03 5.360668270515905078e+02 2.834788046231063618e+03 1.503080539276907530e+03 1.693632283124729838e+03 1.381039394225622345e+04 9.944028927585880240e+01 9.631116130561479167e+02 2.347420574734994261e+03 6.387062864446040749e+02 6.189810529309302183e+02 2.282837413684871706e+02 9.396983697286891584e+02 7.083782716049382771e+02
7.563498514279782512e+02 2.836743674077971718e+03 9.133666151998627356e+02 3.198592251630226428e+02 2.209373829896841926e+03 9.891298669496369484e+02 8.256890728694395420e+02 2.414760257411747375e+02 9.945350022771680187e+02 2.488041266366695083e+02 3.201685309470544325e+03 3.386039399359530307e+03 2.817126240529291863e+03 1.339998619928236394e+03 4.017480248781307637e+02 2.450031134679195020e+03 1.046659672372538125e+03 1.933511875929466896e+03 2.941469096105752214e+03 3.257875999561835556e+02 7.867176845103460892e+02 2.262067381152215603e+03 1.128843859446561055e+03 6.957936924141447435e+02 1.834071908200756297e+03 2.383653367226643695e+03 4.140033324563710835e+02 1.034142837794369143e+03 6.645179710477065100e+02 4.385793235925825684e+03 6.344765234872058954e+02 7.602281608171507514e+02 2.373195299694883943e+03 2.260129676511955040e+03 3.473390019332218230e+02 2.552753991668007529e+03 2.758914043155288255e+03 6.004036811563245237e+02 2.798341376536826374e+03 1.534380601365983694e+03 9.042615093747227775e+02 1.011001877934272306e+04 1.276753789234992382e+02 1.337194308841323846e+03 1.497881995732808264e+03 1.235170988004794481e+03 6.276561866834344983e+02 3.096790257868102003e+02 1.665009854478289299e+03 6.504363084395871510e+02
5.691144765455110246e+02 1.977478331855479837e+03 6.685339105339105572e+02 2.149012723387723156e+02 2.259310575037847684e+03 1.107436192857078368e+03 9.988119966473525437e+02 2.762020634750633690e+02 9.951416967244363150e+02 2.321726172617261739e+02 3.158968355936236094e+03 3.765724126071683713e+03 1.959630151552330290e+03 1.349841240060752398e+03 3.777118448163224684e+02 2.833105838541378034e+03 1.062433076640997342e+03 1.882104946193268233e+03 2.874904355883427343e+03 3.282057465645537491e+02 8.784238075714089291e+02 2.416210457390053762e+03 1.338628600893256134e+03 6.364935388607228788e+02 1.650724140732916567e+03 2.070387451364514618e+03 3.962170976007453760e+02 1.025167902729428306e+03 7.265339890022966074e+02 4.645143165587111980e+03 8.331635091312510895e+02 7.107943216992208590e+02 2.545181323662737668e+03 2.199631627325538375e+03 1.758318043826240455e+03 2.383877837947324679e+03 1.861122683058950770e+03 5.668196053867835644e+02 2.673059116294538853e+03 2.079667028457427023e+03 1.643805230440318383e+03 7.738113808090940438e+03 1.267634293845606379e+02 1.365559726915001875e+03 1.219488887738848916e+03 1.168086611623765293e+03 6.094512471655327772e+02 3.492370597304820308e+02 5.180630853346450749e+03 7.398048048048050305e+02
4.797787629145270785e+02 3.461544749764326752e+03 1.169484410200955381e+03 3.879696705189530235e+02 2.152840827927546798e+03 1.629660024546964223e+03 9.092603757099169570e+02 3.410301095861261729e+02 9.948776463717331353e+02 2.340841974864632391e+02 3.138224316276444824e+03 3.785048262986913414e+03 1.906273046938256357e+03 1.437078821904379765e+03 4.678421924408974064e+02 3.519167637107792416e+03 1.075912525672341872e+03 1.878154115149244262e+03 2.962261638436134945e+03 4.255980525239362464e+02 6.962588439243727407e+02 2.638143085146266458e+03 1.478514021524935515e+03 6.303004259747016249e+02 1.701538045827929409e+03 1.892156099943029403e+03 2.152360420121613913e+02 9.930217502280469262e+02 6.999088177686498966e+02 4.583183868046668977e+03 8.217263149057632745e+02 1.520403006040174205e+03 2.535846546501313242e+03 2.194351128614666322e+03 1.683818148111798109e+03 2.421782507177488696e+03 1.267630891412454503e+03 6.212079091958181607e+02 1.158160959606315146e+03 2.527351711844612055e+03 2.252999047074518785e+03 7.294062245025206721e+03 5.643390928283015455e+02 1.330498723498723166e+03 1.399509071723142824e+03 9.793830369234354976e+02 6.032491999121924664e+02 3.639724016909946727e+02 5.873804218201642470e+03 5.987703687588382309e+02
5.251355465004794496e+02 4.940737912708117619e+03 1.453264531249999891e+03 3.663164864864864967e+02 2.175933369633748043e+03 1.499083879021036410e+03 6.644760475373683448e+02 1.939831354064642710e+02 1.001147160526665857e+03 1.689162995594713550e+02 3.128405146163215704e+03 4.065515153319440287e+03 1.908152966523036184e+03 1.572678536345775683e+03 5.591353503184714100e+02 4.598750513347022206e+03 1.075583582834331310e+03 7.226907204566491600e+02 2.913727853069994126e+03 3.269448096295031405e+02 6.968171607071647031e+02 1.785525492383816754e+03 1.348726202928870634e+03 7.177729300941991823e+02 1.734334877062983878e+03 1.788913195601466441e+03 2.076591330858960873e+02 1.061186001712328562e+03 7.698424006039257392e+02 4.912637892135797301e+03 6.749068121498083883e+02 1.578722249752230027e+03 2.413129076911407992e+03 2.268510061317902910e+03 3.262075567604201751e+02 2.269572293045021979e+03 1.087288633619771190e+03 6.112008705465098046e+02 2.741318919900394576e+03 2.448932280127155536e+03 2.551868708392957160e+03 7.513587021276597625e+03 1.741029748283752951e+02 1.248288773075473955e+03 2.331728453082683245e+03 5.894300196206669398e+02 6.034494700984103019e+02 4.471930609010640865e+02 2.029657190265486406e+03 6.869526245551600141e+02
