# Historias completas obtenidas con el método de alfa-Feynman
#
# Cálculo de (var_i/mean_i - 1) en paralelo
#
# Fecha de procesamiento: 20-11-2020 14:15
#
# Valor de dt [s]:
0.0004
#
# Número de historias:
50
# Tasa de cuentas [cps]:
# [promedio desvio_promedio ...]
[9533.988157157717, 330.9859588078998]
# Cada columna es una historia
#
2.670604232449564108e+01 4.716845237083737175e+01 7.342704960557338723e+01 1.050829786556272154e+02 5.422062618613333740e+01 7.043113847066889832e+01 5.335280862766008880e+01 2.969716756206885577e+01 4.194200780555225094e+01 4.890124348746335414e+01 1.053568870074894548e+01 7.248240018899126369e+01 2.760333840841820461e+02 4.583375666326887909e+01 1.902451677534190111e+01 3.475377076095158202e+01 1.443055600781504211e+02 6.211427203475825110e+01 3.966384515180507009e+01 1.298327908791564766e+01 1.702152666123766949e+02 8.262981574539363550e+00 4.098163008506823246e+01 3.648819489812971995e+01 1.015842743169989681e+01 2.941587213995932970e+01 3.887976328652467828e+01 1.607150913660658489e+02 1.259111614242203459e+01 2.231401567809698960e+01 4.529545123499178061e+01 6.861983215253037827e+01 1.444274800350828336e+01 1.659914827093609091e+01 2.646094125806847686e+01 6.061995116142963980e+01 9.940067964164351011e+00 1.283509258272026266e+01 5.846576490009117499e+00 2.501840564895227885e+02 1.275060516036749725e+01 6.393470213371821842e+01 8.852823572257244678e+01 2.891635811538838041e+01 3.692327255231193561e+01 7.114637257581807717e+01 6.196120073514397752e+00 7.052722133167863205e+01 4.852936438797482310e+01 2.080532823669788201e+01
5.005143933311293125e+01 8.711027856135400782e+01 1.407476699408415755e+02 2.046469813231073545e+02 1.020595337116127581e+02 1.335426386116073161e+02 9.964565508609646827e+01 5.403050604295277992e+01 7.653366850175169134e+01 9.407783211639058152e+01 1.792519616390583437e+01 1.407471486265715441e+02 5.465996887948462017e+02 8.114622947519127649e+01 3.399881457001221463e+01 6.384144595164622160e+01 2.784883621820088706e+02 1.186572724141889239e+02 7.091984359726296816e+01 2.080035545023697097e+01 3.376098668027060512e+02 1.461163419027345789e+01 6.862136869817831553e+01 6.571687243216857155e+01 1.317029509619557537e+01 5.778244274809159720e+01 6.912640609270364678e+01 3.059247899377090221e+02 2.099657869012707678e+01 3.768660825062035968e+01 8.566116496740764319e+01 1.307467206087236491e+02 2.354004449388209252e+01 2.982634228187919589e+01 4.419936651990295928e+01 1.166312044091424838e+02 1.238880272952853723e+01 2.404296317442192077e+01 9.510290916287358343e+00 4.966148207870726310e+02 1.933362792752982529e+01 1.224753126049424168e+02 1.701056353602267848e+02 4.077949759444751265e+01 6.459933748718354707e+01 1.404203259584529633e+02 9.113504647348280585e+00 1.314655475564169933e+02 8.321709281344891451e+01 3.773097311356760741e+01
6.876529570965881533e+01 1.220263196136256880e+02 2.089661388976267631e+02 2.868376359595030181e+02 1.470242006483007060e+02 1.987946281490255558e+02 1.469181551801739829e+02 7.490303357020339092e+01 9.143611574133431930e+01 1.380701064701064524e+02 2.443783783783784003e+01 2.040677590627889231e+02 7.953464821797365403e+02 1.143521119657042249e+02 4.769094958493622016e+01 9.336950509916788121e+01 4.094678273247378684e+02 1.775023185592580717e+02 1.022045913682277387e+02 3.202645411460576952e+01 4.957639829840871357e+02 1.617560375326872091e+01 9.254710330320087053e+01 8.757584164469410837e+01 1.920885989944285654e+01 7.933786722183668871e+01 9.672424653591548349e+01 4.577867765280637968e+02 3.098263442505865228e+01 5.032237762237762979e+01 1.197306641544983421e+02 1.831286580086580216e+02 3.206255660048763190e+01 3.758490949766118661e+01 5.566057229678399665e+01 1.767289416780874092e+02 1.974933954933955960e+01 2.930261911146866183e+01 1.000461052240193460e+01 7.301135240799765143e+02 2.344989622249896755e+01 1.764354580712204097e+02 2.480725081919223953e+02 6.823685263391863032e+01 7.906315477513521728e+01 1.972819292400444624e+02 1.238487930148947314e+01 1.827195265964364808e+02 1.227719707304973582e+02 5.061006559902266844e+01
7.805479174850316326e+01 1.488814774043368061e+02 2.598794928779736892e+02 3.788113776261958492e+02 1.859701737890495963e+02 2.431938796429740535e+02 1.829623906727093754e+02 7.838157372755385666e+01 1.137704618513039918e+02 1.789041419468248080e+02 2.729294660514173643e+01 2.654005747611772108e+02 1.035335374395220242e+03 1.480822592830644169e+02 5.304651710214206162e+01 1.104765134093185424e+02 5.187709745061250715e+02 2.207287272516853704e+02 9.642187325982850155e+01 2.585807200929151861e+01 6.354102520747906055e+02 1.707532769205242928e+01 1.294325874403209014e+02 1.215186247940911102e+02 1.685683036202559393e+01 8.922963331674135645e+01 1.157168481318463336e+02 5.803991744389068117e+02 3.405817909242922781e+01 7.165900562851784628e+01 1.442958984512125085e+02 2.373706290684169744e+02 3.413204373423045013e+01 4.341807169749549189e+01 6.973095998369454662e+01 2.153122196347592308e+02 1.845007296226808080e+01 3.498405161042760625e+01 9.939348595939950570e+00 9.477284514486728995e+02 2.345884842410068671e+01 2.275631090706983741e+02 3.043623143242961646e+02 4.531235892211500982e+01 1.083103269330565581e+02 2.741635380751712319e+02 1.408157640898443397e+01 2.396716075229421961e+02 1.300596945396465856e+02 6.601013231867638353e+01
8.468449637919682971e+01 1.742749057309806346e+02 3.162862381756855257e+02 4.735780677392319262e+02 2.128765610916309470e+02 2.922844146535495611e+02 2.020965413143129012e+02 8.416731701843841051e+01 1.152768774646670948e+02 1.990083252895752537e+02 2.581184668989547859e+01 3.132895877897900618e+02 1.305952329991013357e+03 1.641076452772509526e+02 5.365592473069406765e+01 1.366058260881778494e+02 6.489430510665806651e+02 2.637219478538746102e+02 6.035796678920015523e+01 3.806166180758016537e+01 7.487269391292046521e+02 1.743882838109337285e+01 1.155976949879388656e+02 1.264904609501641772e+02 1.830118056191086140e+01 9.445218809173152863e+01 1.347599756320438189e+02 7.264800604019428647e+02 3.253994789405123100e+01 7.816493328100470706e+01 1.748722639314793241e+02 2.896689131466540061e+02 4.048750220549314349e+01 4.404896589508287263e+01 7.710267857142859782e+01 2.752382729976412747e+02 2.040973312401884243e+01 3.962326169405815079e+01 1.065531488669086890e+01 1.148902830049289832e+03 3.261608890131394389e+01 2.813434852788449234e+02 3.832358036389999825e+02 7.813292884721454357e+01 8.131858969268643023e+01 2.345248423976920265e+02 1.282767208578346718e+01 2.607237715687132891e+02 1.200919620235542737e+02 6.849131624604264346e+01
9.018544441666963962e+01 1.872189101792287147e+02 3.439285734379834025e+02 5.148903588713973249e+02 2.556336917875178756e+02 3.394932514145988307e+02 2.676583961141218424e+02 1.249382815068042873e+02 1.309191578657676587e+02 2.642003955174687349e+02 2.709690177982860249e+01 3.389719423963663303e+02 1.451661584808795169e+03 2.179959405974087758e+02 6.266250203704711197e+01 1.484960972252530951e+02 7.602381353691586128e+02 2.902071290107917889e+02 1.636575159258086103e+02 3.449017454629522206e+01 9.000943906666102521e+02 1.936424415005571120e+01 1.199914657026495348e+02 1.454351643957801343e+02 1.955189762659958319e+01 1.217413268789176328e+02 1.395629943409338978e+02 8.642635241872770848e+02 5.842383181407570447e+01 8.502925656660414688e+01 1.973760899785163758e+02 3.101114820516976351e+02 3.314388842164283489e+01 7.236061548534947008e+01 6.011576873428902701e+01 2.743323201372717222e+02 2.197420262664165236e+01 4.855996834304626475e+01 1.240625467604369625e+01 1.344139718618369216e+03 2.543743735382558668e+01 3.277608620972920903e+02 4.514895606107822346e+02 7.848470391794384682e+01 1.380249567654601037e+02 2.758702166602817556e+02 1.567722199255890558e+01 3.103631948079137146e+02 1.637207932652314639e+02 7.505540710972405805e+01
9.087299728090360418e+01 2.163796594801531228e+02 4.042326742461690401e+02 5.918500870479257401e+02 2.964200517889055391e+02 3.920681042891415018e+02 2.441422075953752824e+02 1.207890807799442712e+02 1.419741688494862046e+02 2.499410955598455928e+02 3.597436293436292232e+01 3.893647735959349347e+02 1.607672986870612249e+03 2.238219734495739885e+02 7.503200763601653023e+01 1.560095172549404765e+02 8.531359227065629511e+02 3.638489408574816935e+02 1.508935264428351957e+02 4.101435374149659197e+01 1.008475216637781273e+03 1.167802755620014032e+01 1.580991691235593350e+02 1.409223355292843678e+02 2.072568866111467756e+01 1.175131225009087217e+02 1.581351424694708214e+02 9.932235068320491109e+02 4.528571428571428470e+01 9.165254120879120592e+01 2.020789045151739458e+02 2.630763550071191617e+02 3.817331691297207641e+01 7.144736337488015465e+01 8.162268205332273396e+01 3.804254414931799602e+02 1.965787545787545909e+01 5.947534766118837268e+01 1.228396143733567136e+01 1.590660954550208771e+03 2.413864970645792241e+01 3.516666725059123451e+02 4.545098161421004193e+02 5.409817927170868757e+01 8.910952380952377894e+01 1.764498130142108607e+02 1.955835351089588769e+01 2.832118332311465565e+02 2.076018320015591883e+02 8.113193940152748951e+01
1.046140940402755461e+02 2.320751693680778942e+02 4.019143456804129073e+02 6.769091649448776025e+02 3.170595428920594259e+02 3.723589096540533774e+02 2.400865140454882578e+02 9.185046404718534063e+01 1.389188035176150606e+02 3.496724080638014698e+02 3.479335400974746051e+01 4.909393437462911720e+02 1.976193402485524757e+03 2.525795002387393993e+02 7.986184234546716709e+01 1.838431735358162200e+02 9.265474964765224968e+02 3.710890263111837157e+02 1.222013249494722515e+02 2.754332552693207958e+01 9.303893229536607805e+02 1.696520575443292245e+01 1.709036693015101775e+02 2.112279652844744362e+02 2.058090127177828776e+01 9.277149548343928132e+01 1.937754743421492378e+02 1.113793298642043283e+03 3.428310661550982985e+01 8.452064943253465401e+01 2.673151844616212429e+02 2.674415554708349987e+02 5.707669116261541120e+01 7.526251512817690070e+01 8.264514361386365238e+01 3.519989125957658871e+02 1.847751155947878132e+01 6.706968422070697500e+01 1.295806094740018466e+01 1.714078346600023451e+03 4.233168650348082451e+01 4.421058990260426071e+02 5.377833449979308398e+02 5.365859749466309125e+01 1.158791522189622469e+02 2.746490430006008978e+02 1.834720755765490097e+01 3.516567227186378659e+02 2.212380292085075837e+02 9.922024108849012691e+01
9.884528076463560353e+01 1.970197983597137465e+02 5.730302000875983595e+02 7.675308443149234563e+02 3.266934161631633629e+02 3.663198750661121039e+02 3.134079238377510137e+02 1.021272879476911299e+02 1.699579306622089518e+02 3.129253941441441498e+02 3.360574124259761675e+01 4.903362594574428499e+02 2.096797118514458361e+03 1.722296450403246126e+02 7.921463334158212888e+01 1.992278300323723101e+02 1.010365552203787274e+03 3.301335617942974068e+02 7.099930986887510187e+01 3.795282186948853109e+01 1.128837970986584196e+03 1.626597582037996048e+01 1.558451462719755227e+02 1.498730733448995807e+02 1.920063112439794040e+01 1.751218976708666446e+02 1.849773355444996810e+02 1.106388825761795715e+03 6.089887050170739968e+01 1.097480413105413248e+02 2.212013688991236506e+02 5.012878060785037064e+02 4.867477852492259416e+01 5.142083022619935662e+01 7.825115740740739056e+01 4.621183696259071212e+02 2.156101614434947678e+01 4.009384901125314826e+01 1.067189275164734852e+01 1.986314123364395982e+03 4.325583460172501304e+01 3.692289438426778361e+02 5.545710444005864019e+02 8.710610610610612525e+01 1.359002257770091830e+02 2.764803180143492227e+02 2.021531701192717989e+01 4.304876013352407540e+02 2.159709969177908135e+02 1.047781348394844940e+02
1.123309811827956821e+02 1.823141895862717092e+02 4.706632996632996537e+02 7.849763554967597656e+02 3.502844912146024967e+02 1.994653642093506107e+02 2.942895302386731942e+02 7.245076019350379681e+01 1.459247647058823247e+02 2.311608600788289039e+02 3.562862318840578979e+01 5.752938962333438440e+02 2.463042596147985023e+03 2.595766250289150889e+02 6.797916666666665719e+01 2.199644700619407729e+02 7.957571738310709861e+02 2.847591988130563436e+02 5.124687800192123177e+01 3.894679793158313430e+01 1.235221499783268200e+03 1.646955958549222743e+01 1.583387425525243373e+02 1.729685990338164174e+02 1.841012705530642535e+01 9.301578608247423574e+01 1.776304839439168006e+02 1.166361010830324858e+03 6.202120403321470832e+01 8.332379518072285407e+01 2.262009930915371569e+02 3.374024545656028522e+02 3.985982587064675897e+01 5.125434904601571873e+01 4.738245412844036508e+01 3.303023869346733363e+02 2.316853632478632363e+01 4.151405325443788286e+01 1.298338445807770825e+01 2.078999094866162068e+03 4.509822451317296554e+01 4.881738197424891155e+02 5.766054801290054002e+02 7.991523341523343049e+01 1.408499196510560125e+02 3.212063699825479262e+02 1.800554607508532357e+01 3.531400825749915384e+02 1.275386952998379115e+02 1.091945303297997611e+02
1.060951746201013037e+02 2.374840524426208219e+02 5.970792013005741410e+02 9.320346412473987812e+02 3.368179961473297794e+02 3.382829462124136057e+02 3.784530987351537874e+02 1.078842672294107530e+02 1.367180407744582453e+02 3.559608799140048632e+02 4.265077605321508969e+01 6.629952356425446851e+02 2.223482941049448527e+03 2.821095700416088903e+02 6.703522980360396843e+01 1.856060188950759766e+02 1.186920351707116197e+03 2.817793594306049840e+02 7.026651609260305520e+01 3.612987012987013458e+01 1.348584902316055150e+03 1.647244465379180411e+01 1.902016885553470615e+02 1.553438252175522791e+02 1.968344883815735358e+01 1.734239690721649936e+02 2.681959417787098232e+02 1.262744444646991042e+03 5.932930367504833669e+01 7.175207604895105362e+01 3.147072538860103350e+02 5.157179099969798699e+02 5.634713125491223451e+01 7.046934106162294142e+01 8.111621900826447984e+01 3.855790315212425412e+02 2.271416083916083295e+01 4.198230088495574819e+01 8.967373117679864336e+00 2.244282341021867524e+03 4.618991282689912481e+01 3.127122233989186384e+02 7.303113969234256047e+02 8.606477551932096048e+01 1.301467987265652937e+02 3.374509757258448417e+02 2.020724191063173691e+01 4.275077058134997969e+02 1.341580057050725543e+02 9.703509680503547941e+01
1.184080278592375493e+02 1.941149682651622186e+02 5.177991055972303229e+02 9.744694926952720380e+02 3.582604698672113841e+02 2.423806589934551994e+02 3.619457069174757180e+02 8.058270013568520085e+01 1.430478588235294524e+02 3.582472550675676075e+02 3.421111111111110858e+01 5.737898803903053704e+02 2.453843280307185978e+03 3.213430256766134789e+02 8.107073732718893666e+01 2.777111837577425604e+02 1.051770180995475130e+03 3.240298042704626482e+02 4.776609498680738142e+01 3.852983293556086153e+01 9.227138491547464128e+02 1.954507772020725653e+01 2.345384615384615472e+02 1.573898895790199788e+02 1.911434977578475625e+01 1.748672680412370823e+02 1.948639755766621420e+02 1.558003729697212975e+03 6.293670212765959349e+01 8.262614457831325865e+01 3.716712003454230739e+02 5.243894281914894009e+02 3.672552238805970859e+01 9.872785234899326667e+01 5.058312236286919017e+01 3.937043718592964865e+02 2.407596153846154508e+01 6.564631268436578182e+01 1.169601226993865062e+01 2.288907293954926445e+03 2.702938144329896986e+01 5.759179031269159168e+02 6.848769482543639242e+02 8.516744471744470957e+01 1.475635674931129415e+02 2.751578534031413596e+02 1.950392491467576406e+01 3.835971167048055577e+02 2.216861613351877622e+02 9.526647526501766094e+01
1.102860426408813623e+02 2.279578012427095643e+02 6.271693262342237176e+02 1.004970299184494365e+03 4.245731165281727044e+02 2.900548249961453280e+02 3.192710813268558354e+02 6.882967485251749906e+01 1.229042554543260053e+02 3.678510774287801155e+02 2.884728631070094806e+01 6.504645722209460246e+02 3.116853749746821450e+03 1.810913895865352288e+02 7.541704970276398967e+01 2.678258216923048849e+02 8.705305368717132524e+02 5.473208617870539001e+02 5.350100100100100775e+01 3.713719925175772119e+01 1.647595098349324644e+03 1.560677776221817581e+01 1.523853252877642888e+02 2.291192173768860982e+02 2.008556538601382613e+01 1.474909445528001868e+02 1.707700319043602235e+02 1.407853489342561261e+03 6.201744297488978219e+01 1.090200103950104165e+02 2.282411893759044119e+02 3.543889377749842993e+02 5.497546537892358032e+01 9.861835661164522548e+01 6.630421885299934104e+01 3.951431210104575484e+02 2.131531531531531343e+01 5.481926173961571891e+01 1.148698391643176819e+01 2.765566098683500968e+03 4.377489818585706871e+01 5.615405239697084880e+02 5.798347711801577589e+02 9.224955176306525573e+01 1.262675094449288196e+02 3.383110230649498362e+02 1.766110137441195960e+01 5.520780651396763687e+02 1.470065263080269915e+02 1.042713675723384483e+02
1.160246248059341383e+02 2.771106778395419497e+02 5.612638146167557807e+02 1.035847991284400678e+03 3.773172225901620322e+02 2.671930983020302506e+02 4.134341090805254453e+02 7.692076913695677831e+01 1.553403460207612170e+02 4.124366057233704623e+02 3.273209718670076285e+01 6.479513414430930425e+02 2.474101663923934666e+03 2.673235498224271964e+02 1.381660341555977141e+02 2.314067041820169663e+02 1.249249733830183914e+03 3.593614941525570998e+02 4.222563146295982506e+01 3.711273339884878908e+01 1.769410081848084474e+03 1.468515696434014117e+01 1.914101045874605802e+02 2.121275930662120572e+02 1.901661830651543283e+01 1.730043966040024372e+02 2.430444568600845514e+02 1.676468110709987968e+03 6.224827297467030007e+01 1.126130403968816722e+02 2.394260896068271336e+02 3.549622183979975603e+02 4.979016681299385993e+01 7.146345811051692465e+01 4.835590933621154619e+01 3.825252734259532303e+02 2.043740573152338058e+01 5.649443090845804250e+01 1.481306387585709317e+01 2.480584119417842430e+03 2.593996361431169362e+01 5.391088109063368847e+02 7.518915510024236255e+02 8.423673941321001735e+01 8.614649165451304214e+01 1.719127399650959944e+02 2.159144750050190709e+01 2.834521501219294350e+02 2.290713128038897537e+02 1.373666597381001679e+02
1.103064516129032029e+02 2.811791916431593563e+02 6.209510924430343266e+02 1.133263495053491170e+03 4.057913900944600414e+02 3.172763411810112189e+02 3.182895574416489808e+02 1.042214416615760513e+02 1.600796897038081852e+02 4.200491976351351013e+02 3.374085365853658658e+01 7.593849150141643349e+02 2.163534064955234498e+03 3.348678051317614859e+02 1.318633073496659449e+02 2.879834824501032813e+02 1.369034261877827930e+03 5.276487989323842385e+02 6.840683229813663502e+01 3.532589285714286120e+01 1.137660799393413981e+03 1.834391191709844549e+01 1.447303001876172459e+02 1.747099032586557996e+02 1.768301569506726878e+01 1.720587951030927911e+02 2.530223880597015693e+02 1.697706248746741494e+03 3.262234042553190960e+01 8.242187500000001421e+01 3.147964702072538330e+02 3.869842607973420741e+02 5.794542507204610615e+01 7.332256711409394256e+01 7.527539062500000000e+01 6.486836055276381785e+02 2.503605769230768985e+01 6.386393805309732841e+01 1.462615030674846928e+01 3.246801136825835329e+03 4.623351883561644371e+01 5.273288243408952667e+02 6.360007985353691993e+02 8.978378378378378954e+01 7.772227626459144290e+01 2.430618455497381944e+02 1.157033898305084740e+01 4.778097639484977890e+02 2.204071452933151818e+02 1.188763146362839507e+02
1.053091752074182637e+02 2.982774330042313409e+02 6.429804498269894566e+02 1.266083616988653830e+03 4.302799080929282241e+02 4.232872788859616549e+02 3.327023138324745446e+02 1.121925142073289976e+02 1.433204513399153370e+02 4.014753378378377420e+02 4.253369369369368513e+01 6.097620396600565300e+02 2.275382483707900519e+03 2.454376329172445708e+02 1.314778025241276396e+02 2.848112411103464297e+02 1.224545384615384592e+03 3.524363780150256957e+02 1.164429223744292159e+02 2.246079365079365076e+01 9.125103986135180776e+02 1.485204081632653228e+01 1.654629768605378501e+02 2.101100653594771188e+02 1.878086696562032643e+01 8.924557823129251233e+01 1.848028946178200158e+02 1.750861466479513410e+03 6.434444444444443434e+01 1.105740384615384784e+02 3.682079447322971077e+02 5.156252491694352784e+02 6.513160919540231930e+01 7.403579418344517649e+01 7.811922005571030070e+01 5.999437855946399623e+02 2.114358974358974308e+01 6.395024582104228728e+01 1.577382413087934765e+01 2.667556029176496395e+03 4.324771689497715954e+01 6.219773145309625306e+02 8.083694401163394332e+02 8.312268632268634860e+01 1.122261994159365628e+02 2.742809773123908599e+02 2.218079096045198639e+01 5.434150786838341674e+02 2.234505684402001009e+02 1.365291849255039267e+02
1.396741202346040893e+02 2.824653435422123948e+02 5.997110708103205070e+02 1.180571083466171558e+03 5.679427622938858349e+02 2.905300396228154227e+02 4.036912484302602024e+02 8.850369703289412371e+01 1.321375176304654531e+02 3.398131032818533299e+02 4.184823848238482924e+01 7.359529879940646424e+02 2.152767488315011178e+03 3.248598691384950143e+02 7.402238314680710118e+01 2.779248353160948000e+02 9.561553652230121543e+02 5.376202338586679161e+02 4.905612244897959329e+01 3.464234572110467525e+01 1.425323208867422409e+03 1.850444115470022055e+01 1.765728357008844682e+02 1.851362023070097393e+02 1.847982062780268819e+01 1.732477908689249091e+02 1.674026943206047520e+02 1.215553897275774489e+03 6.197948328267477791e+01 8.920499139414800993e+01 3.563678139649642844e+02 3.925058376839107837e+02 5.766252587991718315e+01 5.540747842761263797e+01 4.506913265306121019e+01 4.638995692749463160e+02 2.691666666666666430e+01 4.534808259587020274e+01 1.156091148115688227e+01 3.028394103699570678e+03 3.210689823874756144e+01 3.898480336340545023e+02 7.315350240470253311e+02 1.118469638469638454e+02 1.375519302371154708e+02 3.364970082273746357e+02 1.475377864456362254e+01 4.723107626959835557e+02 1.435419021633209411e+02 1.189534326097930119e+02
9.524724840377014345e+01 1.961088339222615389e+02 6.557338679224326370e+02 1.341934983477883407e+03 3.850640697582866778e+02 2.630091026577513276e+02 3.483000490849169637e+02 8.854283400809715943e+01 1.672835723598435322e+02 3.003392671517672170e+02 4.546634615384615330e+01 8.891337982131184390e+02 2.465263641374241615e+03 3.324710404099716925e+02 8.075097483161999889e+01 2.792660278468949855e+02 1.123358197006613409e+03 3.093863044966903431e+02 4.984393704278431159e+01 3.395396125071935955e+01 1.785766528787777816e+03 1.802271821442806399e+01 1.597526249162260683e+02 2.308284758719540832e+02 1.854528230390299015e+01 1.737026703866081903e+02 1.936215426364679502e+02 1.298945154123854081e+03 6.240307692307691667e+01 1.100235403151065867e+02 2.230392586687923426e+02 6.658715732405893277e+02 5.268814968814968580e+01 9.796503496503495967e+01 4.680663373323923082e+01 4.636644762272903790e+02 2.623076923076923350e+01 5.387742524537777200e+01 1.428362435110901352e+01 3.917957482631283256e+03 4.769944488501190705e+01 5.437870584351270509e+02 7.271728608470181143e+02 8.278533535430086943e+01 1.437218690400508763e+02 2.744997986306886446e+02 2.171646101338934542e+01 3.217107752364746602e+02 2.588717948717948616e+02 1.491047188106011561e+02
1.279008797653958993e+02 3.183276163610719323e+02 9.449662070954717592e+02 1.461348855400897264e+03 5.181544433094995838e+02 3.016096169519152568e+02 3.979056198848136319e+02 8.892578680203045849e+01 1.728447954866008729e+02 4.132612162162162690e+02 4.373983739837398588e+01 7.937033931381807861e+02 4.067130674465362972e+03 2.885126768377254507e+02 1.313676190476191152e+02 3.428675567790777450e+02 1.258897882352941224e+03 4.703231791221826938e+02 5.407222222222221575e+01 3.289221957040572164e+01 1.811342280017338453e+03 1.661181347150258958e+01 2.214234146341463543e+02 2.289118473074301789e+02 1.761901345291479970e+01 1.160692783505154324e+02 2.689736770691994252e+02 1.318776482855423637e+03 6.002581560283690010e+01 1.104300000000000068e+02 2.073776165803108427e+02 5.443184053156146547e+02 5.461417867435158513e+01 9.772483221476511517e+01 6.039853658536587488e+01 5.974182110552764016e+02 2.054666666666666686e+01 6.233557522123894046e+01 9.573006134969324066e+00 2.919801890814418130e+03 4.543178082191781186e+01 5.008329123237276690e+02 9.305385536159601543e+02 1.598649631449631272e+02 1.376584946236558551e+02 3.357439441535776155e+02 2.052805460750852973e+01 4.787286169754416392e+02 2.317330422919509090e+02 1.268973698146513271e+02
1.080553939345634262e+02 2.681300658016112379e+02 6.982172898381613777e+02 1.462507345080778578e+03 5.732617190119591442e+02 2.920455123315535388e+02 3.140720428535350379e+02 1.024454004576658974e+02 1.395747372759117866e+02 3.446299369399269494e+02 4.464215996957788946e+01 6.913432688754772926e+02 3.413150520109294575e+03 3.230119180520773057e+02 6.850349650349650688e+01 2.568648843280222991e+02 1.275575093448750977e+03 5.394816689042652342e+02 4.789600300714196379e+01 3.527574982562195061e+01 1.808718843093631449e+03 1.718224825411129331e+01 2.339825750242013669e+02 2.467477780446793076e+02 1.660012850717498267e+01 9.031741383194413686e+01 2.713987679184930926e+02 1.258244388636006988e+03 6.355661729574772778e+01 9.138594988220175708e+01 2.267158371388004241e+02 5.403358001850139090e+02 5.870270270270270174e+01 6.035636363636363910e+01 4.378260869565217206e+01 6.550495144781734780e+02 2.349498327759197025e+01 3.783150561217906471e+01 1.337029471841260353e+01 3.129738896946969362e+03 4.392559390407888742e+01 6.146527870338284174e+02 1.065986484285946972e+03 1.411231166594920694e+02 1.341335017138733576e+02 3.329615297063509729e+02 2.393648909333729335e+01 4.195331432644333631e+02 1.426864504255808583e+02 1.334066496163682984e+02
1.052187449718423267e+02 2.445358817860585248e+02 7.249891318614970714e+02 1.425689231639128593e+03 4.585620939471838255e+02 2.776479431430722684e+02 3.868667888787044831e+02 1.213298883572567490e+02 1.334891713747646236e+02 4.119576219043223659e+02 4.386896210056972478e+01 6.432614816722466458e+02 2.446559219538271009e+03 3.358476436817865647e+02 1.357357490993855151e+02 3.402650262960179930e+02 1.590984903331962641e+03 5.113821958456974244e+02 4.902462667015981168e+01 3.340704123462743524e+01 1.765578096664826944e+03 1.641780499293453133e+01 1.973447153040570186e+02 2.176046176046176299e+02 2.531303179579041185e+01 1.171740461610927895e+02 2.386562500000000000e+02 1.882293458046165597e+03 6.568462809917355116e+01 1.084753559693318579e+02 2.513781082593748124e+02 6.508933752417793812e+02 6.663035763035763637e+01 8.736104820446460906e+01 4.797206005004169072e+01 6.446827327601976094e+02 2.327272727272728048e+01 6.326355543566226913e+01 1.536058572300182945e+01 4.033897300096160961e+03 2.609278350515463174e+01 4.460493283540492939e+02 6.272251447054817390e+02 8.843204320432043630e+01 1.322935136488855221e+02 3.342785974932571662e+02 2.372137759851070271e+01 4.159321897448600112e+02 2.636147186147186972e+02 2.048263305322128929e+02
9.947337012058042660e+01 2.848375231364631759e+02 8.221863509481179335e+02 1.686564550630203939e+03 5.494202313693838278e+02 1.614268090484306697e+02 4.180853447397902301e+02 1.424024060150375988e+02 1.400041251905658726e+02 3.407337516087515041e+02 3.865187491890488758e+01 1.011396135917382026e+03 4.407992562258273210e+03 3.332809887313704280e+02 6.448704318936876234e+01 2.490000000000000000e+02 1.538051885369532329e+03 2.588551080966511790e+02 4.705118704542334029e+01 3.171257191822744659e+01 1.329800231280717071e+03 1.331852948433258987e+01 2.359352786613193587e+02 1.518009793289296283e+02 1.678301665493784256e+01 1.742060202319269138e+02 2.585842217484008643e+02 2.407492808435046754e+03 6.436952380952381247e+01 1.094685025817556010e+02 3.660803806185051030e+02 8.123822188449848909e+02 6.529443729443727307e+01 8.620811287477954465e+01 5.184141546526867472e+01 5.076994347034590191e+02 2.643833943833943678e+01 6.110103151052705783e+01 1.350340136054421691e+01 4.270879948855049406e+03 4.870921289477991678e+01 6.267701964906133298e+02 7.975502645502646146e+02 8.076379066478077107e+01 1.291933621933621907e+02 3.336876921798387343e+02 1.871802372826263650e+01 3.299761585170980425e+02 1.663749055177626417e+02 1.408665688497621034e+02
1.097752212389380588e+02 3.224867491166077116e+02 8.296569737222060894e+02 1.689779267449896224e+03 6.203375835475579834e+02 2.666495616171455936e+02 3.590536205316224141e+02 1.359086315789473076e+02 1.604639830508475029e+02 3.252961928934009848e+02 3.953869209809264618e+01 1.116468460812086505e+03 2.170968908489526257e+03 1.704793199167245064e+02 1.379552447552447916e+02 2.865196280991735875e+02 1.490979977375566023e+03 5.012538278931751847e+02 4.830835734870316855e+01 3.237984084880636715e+01 9.444358629661751365e+02 1.650310880829016114e+01 2.181696999031946120e+02 1.919623188405797123e+02 1.917586206896552170e+01 1.719968911917098637e+02 2.352542119565217718e+02 1.811021841155234370e+03 3.090400000000000347e+01 1.091154216867469842e+02 3.996738786279682927e+02 4.294071143617020425e+02 5.644594594594593673e+01 6.052384341637010579e+01 4.980917431192661127e+01 6.537971830985916313e+02 2.840769230769231157e+01 6.124272997032640120e+01 1.354362416107382572e+01 3.909863645240032838e+03 4.842061855670102233e+01 5.434721030042919665e+02 9.625510299625465223e+02 1.590205445544554266e+02 1.357735537190082766e+02 3.386361256544502680e+02 1.264982935153583732e+01 3.990841961852860891e+02 2.656629629629629221e+02 1.183529411764705941e+02
9.030102754595012016e+01 2.700104965383756621e+02 6.120236442915924044e+02 1.510590436034678305e+03 4.961995670409957597e+02 2.629784549092028101e+02 4.665579494440780195e+02 1.125776546629732309e+02 1.702062858568221486e+02 3.419587518414356282e+02 2.976430873101119801e+01 1.026303662839819253e+03 4.396385597400335428e+03 3.319157018152598653e+02 7.888946141577720539e+01 4.844796048091241119e+02 1.416765182186235052e+03 5.279693711713963467e+02 4.688882147732443428e+01 3.318012946805516350e+01 8.875909526635324482e+02 1.623779656394873427e+01 2.360495236154277450e+02 2.147638848502471376e+02 2.224371273010111238e+01 1.711685301336241878e+02 1.842663129212677688e+02 1.877531087043722209e+03 6.422672064777326284e+01 9.609152190821879458e+01 3.721189204255121581e+02 5.081189809630458285e+02 6.908866761498340736e+01 1.039253588516746305e+02 5.099323998068565800e+01 4.303144127925447151e+02 2.670040485829959565e+01 6.069155083554583285e+01 1.005581066760862008e+01 3.534638131129288013e+03 4.756918068366793761e+01 6.366552647713706392e+02 7.124795978710823192e+02 1.585028660760812897e+02 1.394128266724903824e+02 2.703852300909342148e+02 2.027016346326567842e+01 2.586916882369859536e+02 2.624336767845538816e+02 1.368691336183596547e+02
6.989340901923684157e+01 2.664766961651916972e+02 1.066024150326797098e+03 1.474652821983836930e+03 5.090746849942726158e+02 2.309104938271604794e+02 4.179619641093744917e+02 1.106750995549308811e+02 1.436265929436545434e+02 4.094599505327244628e+02 2.599382716049382935e+01 8.666788063252170105e+02 3.252410490424271757e+03 3.269477985966535130e+02 1.349958463136032947e+02 2.648433855125843479e+02 1.034649597787833045e+03 5.217096199524939948e+02 4.938184201901015768e+01 3.135561497326203551e+01 1.205524910860556702e+03 1.212895797351756322e+01 2.161485425406044669e+02 1.916150766150765890e+02 1.747016967706623092e+01 8.803742384682333011e+01 1.223222827732364806e+02 2.319152738779693664e+03 6.380423280423282506e+01 1.027159277504104864e+02 3.442579185520362444e+02 7.704726290871432184e+02 4.854054054054054035e+01 1.065082828282828586e+02 5.056116207951070152e+01 6.669331544824502771e+02 2.753490028490028863e+01 3.446191889218595605e+01 1.220879940343027670e+01 3.625817819365337073e+03 4.588736158839250834e+01 6.200518700518699688e+02 9.292285684560969230e+02 1.403756875687568879e+02 1.381579354041106171e+02 3.352129144851658111e+02 2.284414106939704325e+01 4.322258163187275386e+02 2.637663716814159329e+02 2.264051250129681421e+02
1.292118768328445810e+02 1.934000156715248124e+02 6.142286639105215045e+02 1.890003399925866006e+03 5.220250255362615235e+02 3.063903604093090962e+02 3.141591391330706529e+02 9.570318668922729444e+01 1.414443922060283398e+02 3.964791666666666288e+02 2.470129479072568301e+01 7.435421606686950327e+02 3.374351205345355993e+03 2.443601479426721710e+02 1.332378432854623611e+02 2.999871530167469587e+02 7.892491704374058372e+02 5.211867668380124314e+02 5.014969135802470390e+01 2.937417130734552728e+01 1.629412223667100307e+03 1.661370178468624914e+01 1.815891181988742744e+02 2.094082405513898095e+02 2.196512207274538753e+01 1.710137457044673397e+02 1.600132669983416349e+02 1.490848762337633616e+03 6.105516154452324429e+01 1.071127136752136408e+02 3.449569180579543399e+02 4.121543743078626676e+02 5.867595260967017623e+01 1.118739746457867454e+02 6.194613821138210596e+01 4.286295924064768883e+02 2.467948717948717885e+01 5.466273352999018442e+01 1.365235173824130754e+01 3.883670635243493507e+03 4.277815829528158531e+01 5.971307991007561213e+02 7.089856608478802400e+02 8.658422058422057432e+01 1.321085722819593968e+02 3.336397130114407332e+02 1.182745544178991715e+01 5.197797884053808275e+02 2.314679399727149018e+02 1.602385995881141127e+02
9.432392466868172676e+01 2.215209727707337208e+02 9.740459988789048111e+02 1.387514602570269290e+03 5.025946173761213913e+02 2.442047866626563462e+02 3.533981446726365334e+02 1.017931888544891592e+02 1.481146560319043033e+02 3.682728537360890186e+02 2.624296675191815709e+01 6.307735377437093121e+02 4.411622115831451083e+03 3.227552761562640740e+02 8.085090810517753823e+01 4.869475729727541875e+02 1.078001650252861282e+03 3.001119916215744183e+02 4.282251229021867545e+01 3.082176910664515646e+01 1.775616703229427230e+03 1.376653459311186012e+01 1.550727179545584136e+02 2.093080014614541540e+02 2.069603013619240883e+01 1.692468759524535074e+02 2.171161305770612273e+02 2.368198131238054884e+03 6.321326203208558070e+01 1.069717930545712079e+02 2.257839073453216088e+02 6.503232165206508171e+02 5.626709062003180151e+01 6.725846702317289783e+01 5.052185644900161776e+01 6.518903931421813240e+02 2.472398190045249677e+01 5.823634142084134169e+01 1.147816672681342531e+01 4.482920796438997968e+03 4.613583990297148318e+01 6.883325999927866405e+02 8.120396563119628581e+02 7.800608519269778185e+01 1.361716091395235537e+02 2.691912534647367465e+02 2.111463561533827971e+01 3.408989245665735552e+02 3.608683473389355640e+02 1.061324765200197788e+02
8.452726628895183580e+01 2.855043362831858076e+02 1.041036312849161959e+03 2.078911072144288482e+03 7.373883389046027332e+02 2.404365862573100117e+02 4.589954030033710524e+02 9.332844342937457327e+01 1.630367890995260609e+02 3.967086184773310720e+02 2.937099125364431984e+01 6.406591624685139550e+02 2.399800119441382321e+03 2.413835010409438269e+02 1.380645443925233735e+02 3.338121980676328917e+02 1.347813461538461524e+03 3.249836698337292660e+02 4.797197640117993700e+01 3.046022727272727337e+01 1.802701973113616759e+03 1.663795336787564594e+01 1.747815827686350190e+02 2.039322195290858986e+02 1.638177339901477936e+01 1.751315274151436086e+02 2.626193801089917770e+02 1.854328620136381460e+03 6.360989010989010239e+01 1.216317733990147900e+02 4.017461538461538453e+02 4.649846870838881614e+02 6.731306306306306908e+01 1.059395454545454527e+02 5.083084862385321401e+01 5.014216549295774712e+02 2.029407051282051455e+01 6.772663204747773591e+01 1.325503355704698016e+01 4.524608431651749015e+03 2.519286941580755723e+01 6.430271038083537860e+02 7.652834347690386494e+02 7.629702970297030618e+01 1.355992698191932959e+02 3.337589441535776587e+02 1.695392491467577045e+01 4.083017894012388069e+02 2.608358407079646213e+02 1.165595238095238102e+02
1.213550219941348871e+02 3.056483162905501558e+02 7.206428159261395194e+02 1.417062377775221421e+03 5.780624680796731809e+02 2.896379810793378624e+02 4.826178387390118019e+02 8.540295288652954753e+01 1.674483427362482360e+02 3.977263513513514681e+02 2.747594850948509304e+01 9.175356861819328742e+02 3.790099913178577481e+03 2.555713046495488925e+02 1.314850230414746477e+02 2.208659669649001671e+02 1.355027884615384664e+03 5.051321915776987908e+02 4.431003694581281849e+01 3.019003579952266136e+01 1.800997941048981147e+03 1.465608808290155096e+01 2.277779080675422563e+02 2.012556073153899092e+02 1.997253363228699641e+01 1.663669458762886677e+02 2.611446743554952832e+02 2.093863495087226511e+03 5.985682624113475470e+01 1.253584337349397515e+02 2.624300518134715503e+02 6.901334717607974198e+02 4.140615942028985330e+01 8.648238255033555788e+01 4.586473214285715017e+01 6.489982412060303432e+02 2.199679487179487580e+01 6.611910029498525887e+01 1.351073619631902112e+01 4.968162171507607127e+03 4.440539383561644371e+01 6.132363580625382156e+02 1.021440149625935192e+03 1.552030098280098400e+02 1.364629629629629619e+02 2.422281849912739915e+02 2.097909556313993562e+01 4.918625929164845729e+02 2.284300818553888064e+02 1.319721731448762796e+02
7.639877787962113587e+01 2.975184347006128860e+02 5.651190198366394952e+02 2.151909854169071423e+03 6.313237703513282213e+02 1.738413255360623850e+02 4.001964333027616476e+02 9.409946198830409969e+01 1.984149763033175304e+02 3.994382810291207306e+02 3.067638483965014728e+01 1.021043248347497638e+03 4.431384907509494042e+03 3.206277122368725259e+02 1.338884226884226791e+02 3.553181504485852429e+02 1.293535384615384601e+03 5.186003167062549437e+02 4.527992315081652208e+01 3.017219251336898367e+01 1.804552934374096594e+03 1.541968911917098595e+01 1.449608260729267499e+02 2.239738489871086813e+02 1.577996715927750415e+01 1.730815198618307136e+02 2.619169845594913681e+02 2.438598395507420719e+03 6.444151404151403995e+01 9.303940886699507473e+01 3.918651368049426651e+02 4.051971631205673816e+02 6.254014014014013156e+01 1.046055757575757497e+02 4.888746177370030921e+01 8.420441314553991106e+02 2.414188034188034138e+01 6.480079129574677665e+01 1.238299776286353371e+01 5.593486639544345053e+03 4.522382588774341627e+01 6.006830165542611439e+02 7.951298377028714413e+02 1.552270627062706296e+02 1.334213001383126027e+02 3.334575916230366488e+02 1.048737201365187843e+01 3.365417122040072968e+02 2.654596119929453266e+02 2.192939931528166824e+02
1.262907759882869811e+02 2.876676069581570232e+02 1.081530411380238320e+03 1.326864826740263652e+03 3.558353842226193251e+02 3.650749717726759513e+02 3.551297160755784716e+02 9.521787184009406246e+01 1.892964112208117911e+02 3.400378378378378557e+02 3.390522522522522308e+01 1.136354716189277042e+03 3.817425957731895778e+03 3.242014794267221305e+02 6.673674832962137771e+01 4.566729983941270916e+02 1.318150286576168810e+03 5.164356662712534671e+02 1.103789954337899530e+02 2.927555555555555600e+01 1.801891738879260629e+03 1.357959183673469283e+01 2.197437148217636036e+02 1.409877995642701478e+02 1.415784753363228532e+01 1.387877551020408191e+02 2.342932609678878180e+02 1.239264353987032791e+03 5.802127659574468055e+01 8.960512820512819587e+01 4.089018998272884460e+02 8.447801550387596308e+02 5.760842911877394812e+01 8.560671140939597024e+01 7.323268337975858344e+01 4.073933668341708767e+02 2.072307692307692406e+01 6.580176991150442234e+01 1.167198364008180000e+01 5.589496179397488959e+03 4.494337899543378967e+01 5.969800940118536801e+02 6.828739171081333552e+02 1.558496314496314596e+02 1.298287859824780810e+02 1.657545084351366995e+02 2.093333333333333357e+01 6.040251216022890048e+02 3.404271032287403500e+02 2.009089103125913027e+02
7.109008773078434729e+01 2.538263790664780970e+02 1.092162110351725232e+03 2.229738741115746507e+03 5.806378993756885620e+02 2.693361528822055107e+02 2.940103507009651480e+02 8.049624060150375726e+01 1.268906567366283440e+02 3.778055252635404599e+02 3.945106205747605088e+01 1.141109267503035198e+03 2.190272326350605908e+03 3.304044810151680736e+02 1.376953046953047135e+02 4.656782017154689015e+02 1.422841628959275795e+03 5.065434340006787579e+02 4.574063400576368821e+01 1.757219251336898225e+01 1.807966794697063278e+03 1.387638786084381870e+01 2.224646660212971483e+02 2.289677387529597468e+02 2.266502463054187899e+01 1.689045151739452137e+02 2.554610743479952930e+02 2.409035585353274655e+03 6.451177394034537826e+01 1.112280084447572222e+02 3.837192031269701715e+02 4.907479103343464999e+02 6.058429858429857973e+01 1.049012987012986997e+02 4.827457404980341238e+01 6.468444955446967697e+02 2.199175824175824090e+01 6.436583298007629139e+01 1.232406519654841937e+01 4.315246716261769507e+03 4.466863033873341493e+01 1.212155995445388726e+03 1.012827447833065889e+03 1.555583451202263348e+02 1.310841730883224443e+02 3.328638743455497888e+02 1.932325694783032333e+01 3.924716042154566367e+02 2.576137566137566637e+02 2.027270908363345541e+02
1.196134268956849525e+02 2.227052689905299587e+02 6.625322015740246115e+02 1.773785591033836681e+03 5.172764871074801931e+02 2.731702872580912071e+02 4.247825748062182925e+02 8.743162579631730580e+01 1.161601853717509414e+02 3.931616795366794008e+02 3.780255516840882279e+01 1.230211520302172175e+03 4.363776774294588904e+03 2.409450168416881297e+02 1.267909640470887780e+02 2.284492183659423574e+02 1.657815126050419849e+03 5.059938993390950372e+02 6.287843833185448261e+01 3.058673469387755262e+01 1.799616365436989099e+03 1.354330125832716369e+01 1.728316805146073420e+02 2.316450392784404642e+02 1.972581678411274453e+01 1.768067010309278544e+02 2.600734638495831632e+02 2.433017960984273486e+03 6.085562310030395139e+01 1.067582417582417520e+02 3.868963730569947757e+02 8.745923113431421143e+02 6.659489501852614524e+01 8.211744966442951466e+01 6.863595779220779036e+01 8.403689877961235197e+02 2.804945054945055105e+01 4.390391908975981039e+01 1.344609991235758173e+01 3.701476589464387871e+03 4.589970645792564596e+01 7.621691337479197728e+02 1.006567199394560021e+03 1.511210951210951237e+02 1.312840466926070064e+02 3.318429319371728070e+02 1.314769975786924938e+01 4.791348865726548070e+02 2.309865523289806788e+02 1.264229372730687686e+02
1.022251761458560395e+02 2.329451872021783743e+02 5.582378033610024204e+02 1.446041204581108104e+03 5.876951559625769050e+02 2.729661118608486845e+02 4.688094014474645519e+02 8.310232985566787534e+01 1.418637258476121019e+02 3.673588208198986536e+02 3.758555729984301053e+01 1.234529064134857435e+03 4.424178017131711385e+03 3.178760476165055593e+02 1.357526959022286235e+02 2.541092530657747943e+02 1.653392342499129427e+03 5.054882148730129074e+02 4.494349897889720324e+01 3.287659399424104834e+01 1.798857362065513826e+03 1.267277799920286974e+01 1.683535631841536997e+02 1.730317494140209078e+02 1.359681697612732165e+01 1.684205663787909373e+02 2.603686858101027042e+02 1.191643216390508769e+03 6.120710059171597095e+01 1.059283819628647336e+02 3.857303167420815271e+02 7.869354706545116187e+02 5.699976899976901024e+01 1.209124475524475599e+02 4.817007762879321575e+01 6.065774647887324136e+02 2.523076923076924061e+01 4.480255649395115825e+01 1.370986060918946947e+01 3.571658196156975009e+03 4.463177372455724168e+01 6.044734454734455085e+02 6.850725055219436399e+02 1.030982482863670953e+02 1.291672194286937270e+02 3.374976506913679373e+02 2.072564977684431753e+01 3.300521996929430202e+02 2.658924438393465834e+02 1.323911513323277802e+02
1.142587412587412530e+02 2.390617337528479993e+02 1.071862004662004665e+03 2.506483377430115979e+03 7.129629950397604716e+02 2.957470633722428488e+02 4.094989731142645155e+02 9.326702461325817239e+01 1.262706968325792047e+02 3.899571205821206377e+02 3.747909698996656402e+01 1.227284472530931453e+03 4.274814914834661977e+03 3.081306784818235087e+02 1.321960297766749193e+02 3.572798983535390107e+02 1.656324886877828021e+03 4.963832914859619336e+02 2.289204167590334649e+01 3.071378740591151768e+01 1.798807042112634235e+03 1.189159027500996402e+01 2.151737462913379488e+02 2.148242289111854291e+02 1.674715419110037473e+01 1.704829500396510582e+02 2.587550360087673198e+02 2.265008948131691341e+03 6.125047905830824391e+01 1.144337349397590486e+02 3.685881493290820572e+02 4.838240589198035195e+02 4.314718714121700316e+01 1.204361564361564376e+02 4.736979534227241828e+01 6.348293776575184211e+02 2.946942800788955097e+01 5.685980883022304511e+01 1.104577630957999190e+01 3.984900133305795862e+03 4.433571239756808779e+01 6.020250907890392682e+02 8.175246326707000435e+02 8.061047061047058548e+01 1.275806314897223785e+02 3.309120687340582094e+02 2.080651089524809549e+01 3.710920899121102252e+02 3.834963221543450231e+02 1.187950530035335532e+02
9.220640176600440441e+01 1.282627257799671554e+02 1.039708590761988717e+03 1.956242797626066249e+03 6.439497283818684537e+02 2.218395091825125576e+02 4.396507936507935597e+02 8.700901542111505194e+01 1.415969594048196427e+02 3.578724315068494093e+02 4.110909090909090935e+01 1.098106055835432471e+03 2.357428799901581442e+03 3.151734378712283160e+02 7.093769470404986066e+01 4.782933333333332939e+02 1.623433823529411711e+03 2.807639548693585994e+02 4.489102564102564230e+01 3.587622877569257440e+01 1.795876553917316642e+03 1.505181347150259441e+01 2.184764440141981368e+02 2.276845940319223587e+02 2.100577557755775615e+01 1.781636205395996626e+02 2.548781264211004896e+02 2.455024941491140453e+03 6.380952380952381020e+01 1.251264367816092289e+02 3.807588235294117567e+02 8.858144016227180373e+02 6.029757785467128883e+01 1.187001216545012312e+02 4.727446483180428061e+01 6.448968812877265009e+02 2.877777777777777501e+01 5.565133531157270141e+01 1.256152125279642284e+01 4.329557937993327869e+03 4.684025374855823998e+01 5.875887113296455482e+02 9.895262336039975253e+02 7.422580645161289681e+01 1.400224719101123583e+02 2.638131932282545904e+02 1.781683731513082591e+01 4.953145216792843257e+02 4.121339233038348198e+02 1.200026455026455210e+02
1.061978787878787927e+02 2.935200377180574947e+02 9.884783154641168039e+02 1.430071110342973043e+03 6.502967437874892767e+02 2.877206790123457267e+02 4.321024035034118356e+02 7.680163742690058370e+01 1.454563398073582619e+02 3.527296076771098114e+02 3.678409090909090651e+01 9.861083307103135667e+02 2.915096257503368179e+03 2.447427712236873560e+02 1.033434343434343532e+02 4.773632390154128871e+02 1.573549019607843093e+03 2.625248416468725736e+02 4.150528338136408024e+01 4.062222222222222001e+01 1.796885660595547961e+03 1.169516407599309105e+01 2.122155534043239697e+02 1.478678637200736716e+02 2.089655172413792883e+01 1.646791882556131270e+02 2.548949275362319042e+02 2.138220751437358103e+03 6.284126984126984183e+01 1.216096385542168150e+02 3.720262617370892713e+02 8.677215203900709639e+02 5.864864864864865268e+01 1.185830303030302986e+02 4.875535168195719393e+01 8.395960764587523499e+02 2.584722222222222499e+01 5.535558852621167603e+01 1.215436241610738577e+01 4.463881299159207629e+03 4.538258877434135030e+01 5.645579399141630574e+02 9.894030898876404763e+02 7.028259075907590159e+01 1.255103734439834113e+02 3.376861547411285756e+02 2.325938566552900966e+01 3.369593579234972367e+02 2.120958259847148497e+02 2.042578586990351823e+02
1.167616080156402916e+02 3.171782440056417158e+02 9.001610902797808649e+02 2.473832163809962367e+03 7.336638576779025698e+02 2.365893099701168012e+02 3.593714762049106639e+02 7.234380287648052388e+01 1.413689860523428763e+02 3.841661036036035739e+02 3.658220415537488890e+01 8.990931696569087990e+02 4.390646743435080680e+03 2.946229773462783328e+02 1.252683295540438593e+02 4.749377150722643819e+02 1.484752450980392041e+03 4.276792210359826640e+02 4.259992283950617065e+01 3.148528241845664155e+01 1.797751842219332275e+03 1.348013816925734254e+01 2.208739837398373993e+02 2.138601454214951616e+02 1.194992526158445401e+01 1.677422680412371108e+02 2.550734961555857012e+02 1.273103636120579722e+03 5.584338061465719250e+01 1.206302083333333286e+02 1.709440126655152028e+02 5.098570321151717621e+02 5.192651296829971130e+01 1.206275167785234572e+02 5.622611788617887640e+01 7.693134003350083958e+02 2.452777777777777501e+01 5.505506391347099537e+01 1.086503067484662566e+01 4.802501342445692899e+03 4.590696347031963143e+01 1.004941242591457012e+03 9.400635390689942597e+02 1.542940212940212916e+02 1.228965053763440949e+02 3.316323443862710860e+02 2.070079635949942798e+01 4.064281918713198252e+02 2.184911323328786352e+02 1.896453368637834558e+02
8.897359594048336362e+01 2.340232056344908642e+02 6.156471154617668162e+02 2.339580281056050353e+03 7.003233672552398730e+02 2.822533132396613951e+02 3.134783268679372554e+02 8.330274991912001781e+01 1.398179171628953270e+02 3.852552926525530097e+02 4.049752066115702576e+01 8.306823906572016085e+02 4.438007716955493379e+03 2.308161731354888673e+02 1.304358538657604356e+02 3.844945454545454595e+02 1.417104483751542375e+03 4.851597927013602316e+02 4.542388380849917695e+01 3.346721910796978250e+01 1.794241662067334119e+03 1.095430993876589909e+01 1.765456305553111065e+02 2.118983029461863907e+02 1.923942394239424303e+01 1.759976263944932668e+02 2.536728264913804480e+02 2.291456040849822330e+03 6.225774225774225101e+01 1.178598298253470489e+02 3.416904977375564840e+02 3.825664761202286854e+02 6.268386284995281699e+01 1.182581287325812980e+02 4.674812343619681343e+01 4.163217486738614070e+02 2.529370629370629331e+01 5.483679525222552797e+01 1.594874923733984318e+01 5.387441007848852678e+03 4.212645486001888173e+01 1.249846231211934992e+03 7.501470103912329250e+02 1.551513647642679814e+02 1.403258426966291950e+02 3.298433370482407554e+02 1.206453614644740924e+01 4.286236626415567343e+02 2.689486725663718403e+02 2.014122740005093135e+02
1.067319390050828787e+02 2.743089880416613369e+02 6.086891906226793481e+02 1.570840313559233209e+03 5.550617901378824399e+02 2.640893141945773550e+02 2.500227898057308096e+02 9.112191387559808220e+01 1.777744937526927629e+02 3.870862826740689115e+02 3.704797243572753729e+01 8.011262769336424299e+02 4.412815976746516753e+03 3.240840325531513031e+02 1.335410044500953575e+02 2.319638622247317983e+02 1.431750802139037432e+03 4.930980349816454122e+02 4.130626146188104286e+01 3.198881866796304507e+01 1.788425687928723391e+03 1.422138483278379617e+01 2.109837190882689981e+02 2.199186338523354607e+02 2.317689207344379199e+01 8.379604333490344459e+01 2.536925935100321965e+02 2.433950005469861026e+03 6.217782217782217913e+01 8.779802955665023489e+01 3.775588542084570918e+02 8.617819148936171132e+02 6.112694512694512383e+01 1.190750413223140640e+02 5.476480400333610277e+01 6.427259923175419090e+02 2.431468531468531324e+01 5.371675209063933210e+01 1.184868822452715342e+01 6.394130438641909677e+03 4.197750702905342024e+01 1.226941530572431475e+03 9.762168879809329383e+02 1.531440144014401881e+02 1.295805356469256822e+02 3.333936220847215282e+02 1.943654979832453833e+01 5.327675111773471599e+02 2.752756132756132956e+02 2.044782276546982587e+02
1.132452679285523658e+02 2.549569175535324064e+02 9.633786392488068486e+02 1.402010604143354612e+03 4.955610548797474166e+02 1.829079830122483941e+02 3.669324801412179227e+02 8.883027013691872753e+01 1.809363850267379519e+02 2.555890663390663349e+02 3.583739837398373851e+01 8.304197785217614864e+02 4.173692315364284696e+03 2.344356822913381109e+02 1.336786761625471343e+02 2.555813051367077264e+02 1.596089099136157756e+03 4.949139437075380101e+02 3.413624370352603421e+01 2.760034714688652713e+01 1.794669582692989934e+03 1.383702308054639829e+01 2.084316902609585611e+02 1.485548654244306306e+02 1.576437015898899219e+01 1.628406747891283999e+02 2.421571481435796045e+02 2.417239185518711565e+03 5.938297872340425698e+01 5.798510405257392364e+01 3.894465379180405193e+02 8.630614119922631744e+02 6.092754409769333535e+01 1.195478950579621795e+02 4.243498273878020655e+01 7.553748743718593914e+02 2.581118881118881347e+01 5.203378921962993076e+01 1.066480758505298532e+01 7.310481505314309288e+03 4.156513589503280315e+01 8.036754918900841176e+02 9.744545454545456096e+02 1.495639937458119562e+02 1.298835462058602559e+02 3.383969538315088244e+02 1.920570896680110806e+01 3.902049511129602024e+02 3.484655455809836440e+02 1.857658207516865332e+02
9.757218543046357695e+01 1.831891917742706539e+02 9.858635827931647100e+02 2.379242717301568518e+03 6.089989571899011480e+02 3.699748415407117363e+02 4.444048297213622050e+02 1.587814285714285916e+02 1.609471588149587262e+02 3.875946459412780882e+02 3.750638297872341553e+01 9.886700504413619228e+02 2.326034582026204134e+03 3.422051391862954688e+02 1.332074766355140412e+02 3.619807565789473642e+02 1.598822986425339650e+03 4.801604513064132220e+02 3.925253731343283192e+01 3.157311827956988992e+01 1.744491326973113701e+03 1.281145833333333428e+01 2.122050338818973785e+02 1.851327142857143144e+02 1.860693069306930525e+01 1.700356955380577517e+02 2.194690313778990571e+02 1.763693416298675174e+03 6.073553113553114002e+01 1.038222222222222513e+02 2.300164855072463297e+02 6.329025016903311780e+02 7.173082706766916772e+01 1.116048979591836741e+02 4.572293577981651680e+01 8.373378269617707019e+02 2.480512820512820937e+01 5.128605341246290550e+01 1.391020408163265465e+01 7.606841959635419698e+03 2.387058823529411811e+01 6.157620519159455625e+02 9.565169893816365629e+02 1.503630922693266996e+02 1.474484507042253369e+02 3.279460595446585103e+02 1.876494845360824826e+01 3.725903647625602275e+02 4.192127433628318727e+02 1.941206349206349273e+02
9.220435193945127139e+01 2.355213019891500608e+02 1.059659117647059020e+03 2.636019665173308113e+03 5.007267259414225578e+02 2.373635964912280940e+02 4.679501995701567125e+02 1.759807965860597392e+02 1.701983886255924290e+02 3.667744863013698478e+02 3.815481927710843024e+01 1.290977078085642233e+03 2.554452443954428873e+03 3.163193798449611904e+02 8.436028037383177036e+01 4.786520718232045510e+02 1.594895339366516282e+03 4.846597387173396783e+02 4.205781710914454408e+01 3.380750670241287281e+01 1.543213269731136279e+03 1.240932642487046778e+01 2.216141335914811634e+02 1.630213740458015081e+02 1.208472906403940783e+01 1.749759791122715171e+02 2.530373297002724087e+02 1.534587685519454453e+03 2.703443223443224497e+01 1.033940886699507615e+02 3.802756561085972749e+02 4.739029980013324348e+02 5.070390390390389967e+01 1.180000000000000000e+02 4.307889908256881029e+01 8.406068410462778502e+02 2.480512820512820937e+01 5.120771513353115978e+01 1.192483221476510025e+01 7.550391000813667233e+03 4.136401384083045940e+01 5.826270270270269975e+02 1.186448594628357569e+03 1.492430693069307210e+02 1.548458970792767673e+02 3.117127399650959774e+02 1.862184300341296961e+01 4.287092911218168183e+02 4.118573451327432622e+02 1.628748832866479859e+02
1.302794849785408076e+02 2.576469964664311760e+02 1.049613283280392807e+03 1.952822759732780696e+03 4.838604519774011692e+02 2.240247382517652852e+02 4.731543538038497445e+02 1.762495438596491226e+02 1.607719397363464964e+02 3.075003378378378329e+02 3.272697547683923602e+01 1.500899087189172405e+03 4.365531495773611823e+03 3.075007633587786131e+02 5.705674418604650810e+01 4.733484848484848726e+02 1.596661312217194336e+03 4.838223145400593239e+02 3.990201729106627226e+01 3.256709511568122650e+01 1.306368863833478144e+03 1.076787564766839367e+01 2.200424007744433936e+02 1.629585921325051743e+02 1.444729064039408861e+01 1.729450777202072516e+02 2.437373134328358333e+02 2.342532611311673008e+03 5.892800000000000438e+01 1.007836144578313196e+02 3.758268185801927643e+02 8.632944148936171587e+02 6.025705705705706094e+01 1.380444444444444514e+02 5.387706422018348462e+01 4.896670020120724303e+02 2.424102564102564727e+01 5.057448071216616370e+01 1.214285714285714235e+01 7.277297786818550776e+03 4.991271477663229916e+01 5.811759656652361627e+02 1.193298626716604304e+03 1.496678217821782653e+02 1.689121212121212352e+02 3.314935427574170603e+02 2.076177474402730283e+01 4.352059060402683599e+02 2.127544973544973459e+02 1.190844070961717875e+02
1.165790322580645153e+02 2.532030324400563757e+02 1.042742197865589787e+03 1.359118325089152222e+03 5.861166198621394869e+02 2.964901196449247891e+02 4.644413458623824908e+02 1.466215027489309932e+02 1.909929478138222692e+02 3.898461148648648873e+02 3.302168021680216725e+01 1.532859678942398432e+03 4.372614215238441830e+03 3.213647711511788998e+02 1.259327394209354196e+02 4.632476256022023335e+02 1.587608461538461597e+03 4.776893238434163891e+02 5.469896480331262723e+01 3.056904761904761259e+01 1.089852859618717730e+03 1.415336787564766752e+01 1.329883677298311682e+02 1.523614392396470123e+02 1.638385650224215340e+01 1.600427835051546310e+02 2.302447761194029852e+02 2.415635933426909105e+03 5.660780141843971336e+01 1.002572115384615472e+02 3.909497409326424986e+02 8.627679734219270813e+02 5.622132564841498237e+01 1.193832214765100588e+02 6.618125000000000568e+01 6.319087437185929730e+02 2.331025641025641804e+01 4.981297935103246033e+01 1.347975460122699332e+01 6.753282827625478603e+03 4.957260273972602249e+01 5.704309012875537519e+02 1.174579557494546862e+03 1.487891891891891873e+02 2.068599221789883131e+02 3.367650959860383182e+02 1.736677966101695247e+01 4.592681545064378383e+02 2.102818553888130566e+02 9.532392638036807853e+01
1.000495710200190445e+02 2.146973803071363989e+02 7.518751229105210996e+02 1.966752080302970398e+03 8.383515708812260527e+02 2.080632211929139999e+02 4.570075679394564645e+02 1.624412675720753043e+02 1.584187577572716066e+02 2.968503166378814058e+02 3.694292468760553305e+01 1.560248984167016715e+03 4.410760861987657336e+03 2.410278372591006359e+02 1.323478712357216978e+02 5.436775256932324965e+02 1.473728004022121695e+03 4.692377936130904459e+02 4.434825870646766077e+01 3.011589008363202424e+01 8.920222607690083123e+02 1.458796296296296369e+01 1.925205980423792482e+02 1.605295265983406523e+02 1.865676567656765883e+01 1.661242344706911638e+02 2.168749431559799632e+02 2.400413540550197013e+03 5.811314611314611511e+01 1.021618655692729760e+02 4.109327697262480683e+02 8.704844113890767403e+02 6.289473684210527438e+01 7.241111111111111143e+01 4.206625891946992368e+01 6.365010060362172908e+02 2.350427350427350248e+01 4.839696669963731779e+01 1.136225266362252739e+01 6.049404530568673181e+03 4.916878123798538525e+01 5.443478917731081310e+02 9.972079256020542743e+02 1.510446106954834988e+02 2.519126165930290426e+02 3.327164818057987077e+02 1.642229858724703817e+01 3.520749407356426559e+02 2.636774827925270301e+02 1.140232389251997205e+02
8.881404393987175183e+01 1.545773924213230828e+02 4.462619070968585788e+02 2.555540358186272442e+03 8.643348642760406619e+02 1.940597540495151065e+02 4.307361239040698138e+02 1.622759984183471715e+02 1.920137479190161685e+02 3.756320395738204638e+02 3.809090909090909349e+01 1.546570109151973156e+03 4.415028562055320435e+03 3.411435349940687729e+02 1.336458982346832727e+02 4.574711479435236470e+02 1.367846656611362505e+03 4.715180786487199498e+02 4.405047525401507613e+01 2.704915102770331004e+01 7.889134624650671412e+02 1.386528497409326199e+01 2.056732279229859159e+02 1.380877477060683134e+02 1.705199781061849862e+01 1.693571221351900249e+02 1.868601271571298810e+02 2.355977265128719864e+03 5.881318681318681740e+01 1.223946360153256592e+02 3.058562091503267766e+02 7.187888212756367921e+02 5.462318840579709445e+01 1.375717171717171823e+02 4.206625891946992368e+01 8.177708473060584993e+02 2.423076923076922995e+01 4.910253874052092726e+01 1.320507084265473807e+01 5.197143929120332359e+03 4.781545559400230161e+01 7.163435088438160392e+02 9.715420223471443251e+02 1.503098979873173278e+02 2.455911360799000533e+02 3.277223191778165869e+02 1.858323852863102132e+01 3.634949912059340136e+02 2.634296951819075616e+02 1.269457412594667005e+02
1.086617781851512348e+02 2.082604117554612344e+02 4.930670296901334950e+02 2.715205586979106556e+03 6.249697229363039241e+02 3.738939787740957854e+02 4.275005944495396761e+02 1.531820662768031127e+02 1.235971563981042607e+02 3.712390915088116117e+02 3.559896339488176409e+01 1.447196446682754413e+03 4.389845604148800703e+03 3.273853034158377682e+02 1.291914011914011837e+02 4.355362318840579974e+02 1.283543489190548144e+03 4.869139614674056702e+02 4.393147614473262053e+01 2.796732026143790151e+01 8.208234557193793535e+02 1.424525043177892947e+01 2.111158438205872869e+02 1.624711479435236186e+02 2.527312534209086436e+01 1.704058721934369487e+02 1.624489857705116549e+02 1.726881713241520856e+03 5.900854700854700496e+01 1.222632731253420957e+02 3.598787878787878753e+02 4.609270094562648978e+02 5.833967300633967312e+01 1.166181818181818244e+02 4.206625891946992368e+01 8.355642745361053585e+02 2.423076923076922995e+01 4.918826244642266943e+01 9.148396718866516508e+00 4.216240394177741109e+03 4.750286368843070051e+01 1.218962463383064460e+03 9.352534332084892412e+02 1.496171617161716370e+02 2.428360227447364252e+02 2.575070777583866288e+02 1.735456958665149685e+01 4.678269581056466677e+02 2.697585733882029899e+02 1.458149185600165652e+02
2.348523949169110665e+02 2.066603980567308838e+02 1.013823312489979116e+03 2.255146081777164000e+03 5.788241783236666151e+02 4.132783894473697615e+02 4.109243527508090210e+02 1.681039698994087814e+02 1.173814379084967214e+02 3.719902402402402117e+02 3.558695652173913260e+01 1.384191515405868586e+03 4.241149265557384751e+03 3.019538900454930399e+02 1.242237583205325109e+02 2.894198975300145094e+02 1.147828054298642428e+03 5.400065941312232098e+02 2.135062439961575365e+01 2.222699549191195345e+01 9.310060203246158608e+02 1.145883707541738517e+01 1.967569771088115260e+02 1.677484855455869877e+02 2.070453413054310232e+01 1.696174112256586284e+02 1.482146841549826490e+02 1.320931719926906680e+03 3.693950177935942492e+01 1.178714859437751130e+02 3.552824793705623279e+02 4.223218085106383342e+02 4.882587064676616961e+01 1.362469135802469395e+02 5.231090723751274396e+01 8.389290898939138970e+02 2.351851851851851549e+01 4.669756738987508271e+01 1.568779822767553256e+01 3.561087787812219631e+03 4.757159221076747002e+01 1.238293480482321911e+03 1.080673047579414515e+03 1.480256620256620295e+02 2.332399755127027277e+02 3.297467519875896755e+02 1.977398558968524966e+01 4.460169643860240853e+02 3.958451287592292829e+02 2.067793482528464892e+02
8.218598790322579362e+01 1.345616883116883002e+02 1.089941705069124282e+03 1.631259743710877501e+03 7.405476740826350124e+02 2.925342878673700966e+02 3.702865325077399348e+02 1.717419064748200981e+02 1.209068021201413643e+02 3.875734658599827185e+02 3.928875379939209012e+01 1.377792074518471509e+03 3.181585532386048726e+03 3.216019642857143026e+02 1.240362997658079394e+02 2.390182432432432904e+02 8.663011440869960325e+02 5.309883928571429124e+02 4.233955223880597174e+01 2.503522099447513583e+01 1.145396248915871865e+03 5.773437500000000000e+00 2.069004360465116008e+02 1.864732208363903112e+02 1.615470297029703062e+01 7.563582677165352663e+01 1.358307113543091589e+02 2.266282219089810496e+03 5.887132352941176094e+01 1.213722222222222200e+02 4.041019021739131745e+02 8.704009146341463747e+02 4.670943396226416411e+01 9.220297029702971159e+00 4.822935779816513246e+01 8.380827464788733323e+02 2.370034246575342962e+01 5.448584905660376876e+01 8.000000000000000000e+00 3.225718558969761034e+03 4.409756097560975974e+01 1.246596878862793346e+03 1.181222118088097432e+03 1.319750623441396442e+02 2.612063679245282515e+02 3.330328371278458803e+02 2.474742268041237025e+01 5.271416035788024601e+02 4.375141592920354583e+02 2.552345360824742784e+02
