# Historias completas obtenidas con el método de alfa-Feynman
#
# Cálculo de [cov_12/sqrt(mean_1*mean_2)] en paralelo
#
# Fecha de procesamiento: 20-11-2020 13:59
#
# Valor de dt [s]:
0.0004
#
# Número de historias:
50
# Tasa de cuentas [cps]:
# [promedio desvio_promedio ...]
[60566.922676907074, 1132.901834380299, 13695.491278604577, 275.44168396752065]
# Cada columna es una historia
#
8.687295247887968919e-02 1.589013459047079735e+01 -2.799171364367905923e+00 2.275376645799482289e-01 -4.673903737069543318e+00 -8.650540874808207548e+00 -1.471794012041172550e+00 -7.225416677868110593e-01 -4.050943170082806688e+00 2.590381729515832010e+00 1.011150173893071091e+01 1.002906188491346029e+01 -7.341052474048952448e-01 3.576605075712561366e+00 -2.196672002743664809e+00 -5.972527181440367094e+00 -2.059608995385808328e+00 -8.387382737385934206e+00 7.857194487617577217e+00 -1.050421504258869598e+00 2.438080536045651669e+00 -5.151845771068511937e+00 1.735061125022723694e+00 1.596617279568212311e+00 -2.493066956428786174e+00 -8.914571725841117456e+00 -6.311413610203671087e-01 7.246753292720631734e+00 -4.273252885030345283e+00 -3.104296163072831627e-01 -7.131401348370498106e+00 2.396693896651085609e+01 1.131351728207477692e+01 -1.548101813323920384e+00 1.852608250123138900e+00 1.110301192797258629e+01 -9.007768845786727763e-01 -2.105802561906111148e+00 1.057068653450341600e+01 -5.367632555946208583e+00 -7.951597240335054551e+00 -9.867227873124175375e+00 4.640788899777210652e+00 1.075051900582749242e+00 5.906370008750527312e+00 9.910938369594326502e-01 6.485899097206313968e+00 5.772278556520926696e-01 2.537949968777306964e+01 -1.604570442653548756e+00
-6.695342564647409622e-01 3.195264914099455211e+01 -6.287567073058430545e+00 -2.083060299557925710e+00 -8.839720657102841272e+00 -1.660646424244645303e+01 -3.579765355404856297e+00 -8.192920072667180253e-01 -8.503895104583543585e+00 6.229901832842291043e+00 2.132329303100539519e+01 1.927607536299643343e+01 -2.303077271346312127e+00 5.711037881494075208e+00 -4.185438690999467859e+00 -1.190888724992940162e+01 -4.711986182680416135e+00 -1.634840764428038185e+01 1.483194212035911086e+01 -1.986816864322929144e+00 5.704339239806397011e+00 -1.013106200904768350e+01 2.540532466796789901e+00 3.121183215778708941e+00 -5.938347231868884357e+00 -1.809822940064868746e+01 -1.788042594943203500e+00 1.365203495597277517e+01 -8.480196280592485536e+00 -5.878218237535116630e-01 -1.366458231932912426e+01 4.554844667577271622e+01 2.217592233827503634e+01 -4.249620121834465358e+00 3.158062303510411173e+00 2.391760861545237304e+01 -2.898900505905900538e+00 -5.184966049095856455e+00 2.109803782176190623e+01 -1.073318867631074447e+01 -1.624256680958819743e+01 -2.003601658879536274e+01 9.447075369673301637e+00 1.802755599556759236e+00 1.299759341061782436e+01 7.102235086744886905e-01 1.233330172515696432e+01 2.192695856850750857e+00 4.870225093294993002e+01 -2.775221071553252372e+00
2.686733565675615498e+00 5.025734460173217144e+01 -1.000740977005805377e+01 -5.461942702495273139e+00 -1.413960564530498587e+01 -2.477011766740387344e+01 -2.740842070530042474e+00 -2.972283171979420935e+00 -1.360899791869071329e+01 7.621753933658152569e+00 2.905906067174228014e+01 2.700447775249173077e+01 -3.433432503451031348e+00 7.647322356537486598e+00 -6.366592059410639770e+00 -2.044364866591311980e+01 -7.285242888283400831e+00 -2.363272166208572145e+01 2.210724549111975534e+01 -2.121033354517205094e+00 6.843311012936793780e+00 -1.521922092205235799e+01 1.378934503519060550e+00 7.536235771310632714e+00 -8.819103225532742840e+00 -2.757716297455453969e+01 -2.671504162167539942e+00 1.769114606798784095e+01 -1.063329496146825548e+01 -4.024082811177101426e+00 -2.265031296023889595e+01 6.556429611903034527e+01 3.150919764903663278e+01 -4.957511732857890152e+00 5.352835933086614872e+00 3.413804649416287873e+01 -5.136851268390242531e+00 -8.220230318319091012e+00 2.952811909852496441e+01 -1.802696377087063340e+01 -2.688441849914602244e+01 -2.920115995336934844e+01 1.242535323954651716e+01 2.076288614286004641e+00 2.276113249688187423e+01 -3.384456028213294942e+00 2.025692297151387322e+01 9.115464143690815702e-01 7.062116046711959427e+01 -6.020039991760013365e+00
1.034902553569672312e+00 6.833006227043051695e+01 -1.423587954709899073e+01 -9.587989350536638256e+00 -1.636292177352246568e+01 -3.200683348959378094e+01 -4.700399557754034952e+00 -6.143701959512788413e+00 -1.650310006924285489e+01 1.545617521408725281e+01 4.601632396110373691e+01 3.799322041292812457e+01 -1.728696631505312942e+00 1.064263223514298140e+01 -9.647784280975209015e+00 -2.988988940295147145e+01 -7.484287199141983926e+00 -3.123830782562426833e+01 2.681007682513834922e+01 -2.994955838739291831e+00 7.188384499310900289e+00 -2.037306969787671207e+01 1.707844214196120869e-01 1.271595838445574422e+01 -1.146834049024874069e+01 -3.594158607640105885e+01 -4.286696189846487037e+00 2.282197443648957247e+01 -1.612650843582334304e+01 -1.500046944547392513e+00 -2.835478142233215237e+01 7.710407245786188923e+01 4.295252367804943106e+01 -7.641676677832218267e+00 1.886558208856111252e+00 4.856427897033096031e+01 -1.474562457341689203e+01 -1.175743078389162832e+01 3.457347172703987326e+01 -2.706276530738521657e+01 -3.241416922884782537e+01 -3.878650928366647577e+01 1.846262045693286780e+01 2.717071455454739493e+00 3.872913059100882549e+01 -4.827376001705088626e+00 2.274895612933727662e+01 7.322171116765501253e-01 9.188735548478780402e+01 -8.120281837325860508e+00
-3.014877274960133802e-01 7.157318393674275114e+01 -1.977447621842349434e+01 -1.929247438706925522e+01 -2.934287319383961901e+01 -3.748534866608323313e+01 -6.546481723649558937e+00 -7.612402324647766783e+00 -1.963058592900416954e+01 1.911675082898582900e+01 4.775367852670660085e+01 5.517935607466714032e+01 -9.764362800588241242e+00 1.312827219465702910e+01 -8.933964895886999713e+00 -4.063173319570639563e+01 -1.009165631841318245e+01 -3.761687334191987020e+01 4.239168553891371971e+01 -4.987585557948783332e+00 6.668861136820451563e+00 -2.565003574267629105e+01 -1.900866711817094101e+00 1.361735092822923754e+01 -1.383432854943280077e+01 -4.687788931476805487e+01 -3.807967064294050186e+00 2.147040480407252261e+01 -1.400284723207566273e+01 -6.283361591132178958e+00 -3.866860980078238441e+01 9.520412298678273544e+01 4.961919979850065943e+01 -1.509925332738453818e+01 1.031848268070512198e+01 5.306501978417077936e+01 -1.446881511679164944e+01 -1.316612668573217171e+01 3.950048206866198086e+01 -3.554757287957017553e+01 -4.407606588376697943e+01 -4.648697449489716860e+01 1.813433426159228290e+01 6.629602645732589616e-01 5.078720354376454083e+01 -6.571551224541778424e+00 2.769482030038633980e+01 9.948120513085152439e-01 9.637653452235308293e+01 -1.336789053139865047e+01
3.127047882436498893e-01 9.788064730042457029e+01 -2.562109662142728084e+01 -2.072601398787083937e+01 -2.769184152188131165e+01 -4.372090669983047206e+01 -8.620100724010848481e+00 -1.190372807608283345e+01 -2.380202235892265605e+01 2.988598205599960167e+01 5.212206731418442729e+01 6.649936109171325427e+01 -1.291108345051693007e+01 1.055812629756552035e+01 -1.616393378708485429e+01 -4.836232006070400047e+01 -1.900993727172403780e+01 -4.939796278690356957e+01 3.965980126028930641e+01 -4.244638063378650905e+00 1.545927397812512893e+01 -2.975284653044917604e+01 -2.382875795869870750e+00 4.200536868817594360e+00 -1.996828823638025341e+01 -5.346343194973535873e+01 -7.419710339297662216e+00 3.884016758628226285e+01 -2.041865761285407999e+01 -6.309951829670119139e+00 -4.281134274280395857e+01 1.212080605999733081e+02 7.467787745033878366e+01 -1.676138555600272184e+01 1.558432429421990761e+01 6.346740321196427459e+01 -2.036792407771588387e+01 -1.774293864448338809e+01 6.420567308316076094e+01 -3.772188722467894451e+01 -4.905670371961283394e+01 -5.644125356239479174e+01 1.626515436174563689e+01 -1.505586593285694663e+00 6.576645189597407182e+01 -6.655451843672213208e+00 3.283249360125098804e+01 -3.688781242403497806e+00 9.742643598276488603e+01 -1.414478841587228075e+01
-5.475494002382363057e+00 9.742599793735273295e+01 -2.965830252857879046e+01 -2.389226507573862079e+01 -3.947139426229430370e+01 -5.277024288266544261e+01 -1.058430320282005255e+01 -9.348319404056372406e+00 -2.923205641748404560e+01 2.763732301851540640e+01 5.490499962482434881e+01 4.752110508699080071e+01 -4.757566747173370025e+00 9.720188238627233801e+00 -1.665001292270118327e+01 -5.601686176272205131e+01 -1.105713555068198417e+01 -6.014682706492376241e+01 2.738611322764674227e+01 -3.465438199785156659e+00 4.516676847502817616e+00 -3.123923331079626564e+01 9.567672374095357313e+00 1.509194076954357833e+01 -2.073910464978369461e+01 -5.389007176389586107e+01 -7.751657736024890610e+00 3.807652126438350848e+01 -2.056070986818102142e+01 -9.402613165407588625e+00 -4.815261323419199613e+01 1.246606060272197283e+02 4.188655360239120284e+01 -1.135840857193167963e+01 6.842707628057378422e+00 5.557699323657936930e+01 -2.166002786616534337e+01 -1.525465621816092820e+01 5.892566346142858436e+01 -5.173497949142279140e+01 -6.183126345844306826e+01 -5.743781186094405200e+01 9.907992470011862451e+00 -4.750905024137699328e+00 6.279072776992961735e+01 -1.492050027551578317e+01 3.509119321163431238e+01 3.762804074835286006e+00 8.379750179708595681e+01 -1.409419037838564215e+01
-3.475788755830152787e+00 1.190604346668901456e+02 -3.812374944746686367e+01 -3.263495427940124927e+01 -3.168254505870242355e+01 -5.440046474858875314e+01 -9.820860852854702117e+00 -1.150973208544868598e+01 -3.397119941724183434e+01 3.021644092212426713e+01 8.890181796146072202e+01 8.964104528648698533e+01 -1.283503873005496176e+00 1.934246196863492528e+01 -2.376999365146030740e+01 -5.652926164426959588e+01 -1.632847231093749230e+01 -5.811412873871969964e+01 4.749888085504307611e+01 -1.098582892694810198e+01 3.203597348306753911e+00 -4.213135335613640819e+01 5.174889805386693631e+00 1.269135714777646839e+01 -2.917892543467947775e+01 -6.891372105774155443e+01 -8.164654356361921828e+00 2.955349348796455899e+01 -2.387687370497760497e+01 -7.006908226415356822e+00 -5.663835979843197066e+01 1.273795670497748205e+02 5.969916432669457862e+01 -2.709652402017031037e+01 2.901988406338081461e+01 7.565638960809168623e+01 -5.113349925297477938e+01 -2.642708809256665603e+01 6.745434020138370101e+01 -6.451020309454014523e+01 -7.476309473052543808e+01 -6.450326904116697335e+01 1.712398275246857438e+01 -5.244822185092679057e+00 5.978758655600153560e+01 -2.001498349373406072e+01 1.986025826293295893e+01 -4.263435415266599193e+00 9.573880467106376102e+01 -1.822534667846019119e+01
-3.386334088306957035e+00 1.515430059857267224e+02 -3.836456249299165222e+01 -3.721083556599561604e+01 -4.171904843855404721e+01 -5.966658787393168240e+01 7.067182994627273229e-02 -2.233838950763318110e+01 -3.585839472645275094e+01 2.094970315673219829e+01 6.405490645425507523e+01 4.363616568211146785e+01 -1.628245479227613401e+01 1.347288557821788046e+01 -2.349412107621725454e+01 -7.126142596489830794e+01 -5.839663222137790655e+00 -7.325432153691869530e+01 4.065982260979031082e+01 6.101490626867504652e+00 1.267857082162972659e+01 -4.478886211614724289e+01 -1.640901550240518603e+01 2.141095501468220164e+01 -1.622650595640324767e+01 -7.341062641559219060e+01 -1.459484810601550109e+01 3.768091631871801894e+01 3.099463797272183996e+01 -1.103068256226900701e+01 -6.172405687524275919e+01 1.285292114995407360e+02 5.524405526003365452e+01 -2.583055812333578061e+01 1.574787157028877083e+01 7.290077336289796506e+01 -3.840749227872151295e+01 -2.902345080002448441e+01 8.205013509765090873e+01 -6.736674888165644859e+01 -8.214158734529675598e+01 -6.840721250872661585e+01 2.053207035919821877e+01 -4.168507549480888308e+00 1.382704160424498241e+02 -1.779378172824181803e+01 5.952114380166025143e+01 3.623568812641457804e+00 9.626582380070932743e+01 -2.623877255575917999e+01
-1.082337292284401453e+00 1.081063172406910411e+02 -4.906971500556345944e+01 -3.724109110837280667e+01 -5.732754266571987500e+01 -6.534326656116240883e+01 2.477054437991044011e+01 -2.097211813078457965e+01 -3.574381081991595721e+01 2.592654794204587176e+01 8.487388148218091999e+01 6.963003187853196607e+01 -2.912755404964715922e+01 2.724690324133660724e+01 -2.985089535250758530e+01 -8.314031312790288553e+01 -2.237174611415052894e+01 -7.103206140214420827e+01 5.272384072959147261e+01 -3.667712253510710063e+00 6.280261905631030039e+00 -4.767722005795531715e+01 2.070626896131129158e+00 1.585618047468315162e+01 -4.640029963748216524e+00 -7.352860302216718935e+01 -1.767252767303361338e+01 5.124329855565012792e+01 3.288905781072504197e+01 -2.440891961620255302e+01 -5.767828354869988061e+01 1.482180603891235933e+02 1.210541099432177390e+02 -4.638351239243090163e+01 -2.041393400816969361e+01 7.458175842711158054e+01 -5.700952300409554852e+01 -1.980112150069740551e+01 8.550079461725742647e+01 -7.327364742384934004e+01 -8.225458098818410235e+01 -6.496027116820233971e+01 4.744608618688476298e+01 -3.172141353619144866e+01 9.204433181691197774e+01 -1.183836335274657614e+01 8.130158324360327526e+01 5.749212264778988946e+00 1.013262792146371112e+02 -2.985289269898017395e+01
-1.731454751484443833e+01 1.894458910545932326e+02 -5.063777486981863518e+01 -4.655598353820110447e+01 -5.710376953950396484e+01 -8.176759160351768685e+01 1.042287900914281096e+01 -1.610185066585620461e+01 -3.830031892186859466e+01 6.633211797612688088e+01 1.343178897339295759e+02 8.578758990707422072e+01 -2.582229975944254363e+01 -5.782470621234691244e+00 -3.329802359913839638e+01 -9.211034667710653423e+01 4.528284632243150476e+00 -8.867076771710181049e+01 5.568179431505308941e+01 1.135721642458830871e+01 2.327170112118313483e+01 -5.279341208505754679e+01 -6.630846791672487583e+00 1.993856885768599341e+01 -1.435467799592101024e+01 -9.421456442749425264e+01 -1.563675142263893036e+01 4.856829842245662832e+01 2.717073866166039053e+01 -2.522542707014561003e+01 -8.023151366878701651e+01 1.358461018891961203e+02 5.745475347139990419e+01 7.532948219992489669e+01 2.530669191021212328e+01 9.452320670894711441e+01 -6.503071005310911801e+01 -1.424667341551716326e+01 8.359464508210952260e+01 -7.229693018049761122e+01 -8.430964608879330058e+01 -7.953057656435701972e+01 3.215237704646611405e+01 -1.512398220092894618e+01 1.581260203307807615e+02 -2.426926748293751501e+01 3.511866861317628263e+01 1.383881630814600427e+01 1.323570186936294988e+02 -2.530358053803222873e+01
-1.919409284925096770e+01 2.047286026405072334e+02 -5.365641878180271362e+01 -4.792749924285932650e+01 -5.766454270738336163e+01 -9.042757772174655884e+01 1.574245767853388500e+01 -3.879376324237492923e+01 -3.737908630956587785e+01 3.050900330316700959e+01 1.528026542900491904e+02 5.242515150961891379e+01 -4.455196304399132856e+01 -5.348377006552461843e+00 -2.875527524495753084e+01 -1.054648241836037101e+02 -7.644868810381328039e+00 -8.364622806419197332e+01 5.313715460387935252e+01 2.280251110145360194e+00 2.648403025902165453e+01 -5.553171029388902724e+01 -5.882376221523503368e+00 2.008409790632327230e+01 -2.710360104787090663e+01 -7.401111334918176965e+01 -2.136756040094718756e+01 4.559844526070232007e+01 4.964880902345207403e+00 1.403198435391980325e+01 -5.533428309641788445e+01 1.076919245486211452e+02 7.012575090228882857e+01 -4.607040531877237299e+01 -9.195932907192675643e+00 9.543756062485350355e+01 -6.920955176296340028e+01 -3.233586570440596120e+01 8.899904703712599030e+01 -7.846105719264717493e+01 -9.970541518427160099e+01 -1.052081267250984951e+02 9.756435176082048244e+00 -9.254447798232432021e+00 1.170610312218689302e+02 -4.312152245226958058e+01 5.354491073283865887e+01 -5.001322039931777041e-01 1.713449970052545268e+02 -3.047472905806093024e+01
-2.611288937976890168e+01 1.219004914134738016e+02 -6.674506443469010719e+01 -3.804576540549481223e+01 -5.607310366184293571e+01 -9.019479951360072789e+01 -2.291582249781989589e+01 -2.850618744521613124e+01 -4.947002087465818221e+01 4.601178767074213027e+01 8.469925034472538528e+01 4.424492298568299731e+01 -4.969997247244061356e+01 4.551219763291854292e+00 -4.072506766105139775e+01 -1.043439291598085248e+02 -1.658772879082131979e+01 -8.115911666446284300e+01 5.987828117852267695e+01 4.390710505772348782e+00 5.522634446910915429e+00 -4.954565810828523098e+01 -4.578660672441870361e+01 3.676250429493229177e+01 -3.312298828455131172e+01 -1.133616952639682864e+02 -2.322725776520560359e+01 2.672358725925219147e+01 1.202181060708370808e+01 -2.972968087707182150e+01 -7.568574032345999569e+01 1.609384564756042835e+02 9.723148289206045547e+01 9.779257371016444722e+01 9.351526199166574571e+00 8.676873172035301707e+01 -7.399391304249320456e+01 -5.054928703087794162e+01 1.922525150525913773e+02 -9.516277086882702463e+01 -8.062539438631300470e+01 -9.726406896869991670e+01 1.774127565605378720e+01 -3.213602635943774288e+01 1.988278675632713259e+02 -8.152848980093670761e+00 6.124506148229279034e+01 -1.531311835793671028e+00 1.226918247118225338e+02 -3.701940391684285458e+01
-2.508153141912983486e+01 1.720610933946138914e+02 -5.766401312190767925e+01 -4.462386231540841663e+01 -6.700592861076968632e+01 -1.092797985617339265e+02 -1.847148220926105822e+01 -2.231461787331224045e+01 -4.895384442572795791e+01 2.926045317425119663e+01 1.188695192430870406e+02 1.009333128111342717e+02 1.766069861066659863e+00 1.391557540672750726e+00 -3.251724672229246949e+01 -1.180770635000182978e+02 -1.365908762214619543e+01 -9.655702579526426632e+01 2.025536593280923725e+01 4.212847917120313035e+00 4.452823468300124432e+01 -7.759602674110486475e+01 -6.005237577011244277e+00 7.889231265521505776e+00 -3.654479170775419306e+01 -8.875210477268710463e+01 -2.372361951052729268e+01 5.980476716826662198e+01 4.535897078208625288e+01 1.640644767192395648e+01 -7.032371514424910686e+01 2.142843306544762072e+02 9.464959413662596432e+01 -2.797862968910500214e+01 -4.231432435061790187e+01 5.381330194106215714e+01 -8.652792712262581176e+01 -6.114691157295867541e+00 1.577310781463974081e+02 -9.859065210126256318e+01 -1.102258753515310019e+02 -1.008089530205830187e+02 1.122319679200775155e+01 -2.270630978287096369e+01 2.517150259818296547e+02 -3.374295677618610512e+01 4.092886389551817672e+01 4.375240748912749389e+00 1.710507630401945676e+02 -3.556443198729456157e+01
-3.057776884901494796e+01 1.279555200688545114e+02 -6.713991965397151773e+01 -4.362587981500259815e+01 -5.918735245033158066e+01 -9.914916914539433890e+01 2.372233101923459841e+01 -5.540857263002846622e+01 -6.322449819040181040e+01 5.976445464542369734e+01 1.012132474422586768e+02 7.319342925795110943e+01 -6.111995013586739134e+01 8.868718598342058002e+00 -3.951657024655295913e+01 -9.527032627424442524e+01 -3.630604465514369394e+01 -1.085683665175299524e+02 4.747555503906551877e+01 -1.764169441201809718e+01 4.284536991199760081e+01 -7.140402511854419743e+01 -3.785450234850540596e+01 1.960871590405732690e+01 1.403628568533026844e+01 -8.321301991117906027e+01 -2.777135640292776486e+01 2.742269592462726280e+01 4.733467795964267566e+01 -7.877197241933461669e+01 -7.039747502463241347e+01 9.827253819129704482e+01 7.821786329105428592e+01 -2.499435405095509921e+01 1.544557532187758042e+01 6.095649248940057419e+01 -8.860752296948199103e+01 -6.112721731765067545e+01 2.188743307363219515e+02 -1.102088848288024963e+02 -1.200599742390565581e+02 -1.021134953928173843e+02 -4.451138456334232885e+00 -2.159976546901026850e+01 2.065171173973369321e+02 -2.219377425610283439e+01 -1.594818796286192075e+01 5.952818199768550311e-01 1.237339200554745275e+02 -4.689281614859137193e+01
-2.877482628589482516e+01 2.187487747957946738e+02 -6.337672438235487249e+01 -6.145466293744311770e+01 -8.236981052648742718e+01 -1.003057222202185557e+02 -1.654904545990486397e+01 -4.438074617663257726e+01 -5.848456830871396761e+01 -4.492215002748459751e-01 2.095227936484148188e+02 8.707472499774954144e+01 -1.343018118944562111e+01 1.572348764443286528e+00 -4.381814338591656366e+01 -1.307329081972002598e+02 -2.256000008879759022e+01 -7.502391515519938991e+01 6.142798565775085962e+01 5.984402585388632900e+00 4.460476978990539720e+01 -6.502324558948821220e+01 -2.231396582228004988e+01 1.998984398213298874e+01 -6.069584103563646238e+01 -1.387104134063495451e+02 -3.067410866757373711e+01 5.686604240098937879e+01 4.059055880300402208e+01 1.071028241432544492e+00 -9.651438703753240134e+01 1.793783469218212758e+02 9.439742139323639947e+01 1.497435854411540959e+02 1.805849636446880524e+01 7.230366104367681146e+01 -1.110378862226340715e+02 -2.497749026584033061e+01 1.551997745721803881e+02 -1.192760859986084370e+02 -1.179564888177359023e+02 -1.105903713008155052e+02 -8.879667336701555058e+00 -1.297919889622693113e+01 2.447523143431802168e+02 -3.294272635862792242e+01 -1.863939111113324643e+01 1.349353023366471227e+00 1.527964064151872492e+02 -4.282548786246469774e+01
-3.427115357332436218e+01 1.586342577101736993e+02 -8.652713917398507704e+01 -5.320711368458466950e+01 -7.160423702946275171e+01 -1.188691217513777190e+02 5.293248429347800510e+01 -3.900028347773378101e+01 -4.407253079239772831e+01 5.013277382273412996e+01 7.700633409402287555e+01 5.165371388796472729e+01 -7.354679559343571782e+01 -4.293455308203347975e+00 -5.250328891943779297e+01 -7.804853757523169122e+01 -2.629925073717432582e+01 -1.047772672404062035e+02 7.339859504638268106e+01 3.871139485242238720e+01 -6.415020867730262033e+00 -6.005447015101434971e+01 -6.551571792094892999e+01 1.514716107888339103e+01 -2.431936303847660596e+01 -1.157487893444043294e+02 -2.830163158824772296e+01 7.457573001455018868e+01 5.953987145769347222e+01 -1.738091827074888229e+01 -1.106358651183140012e+02 1.726897317245523311e+02 1.160322502859073808e+02 2.235776974484224766e+01 -7.959475142245973700e+01 6.081298522757552405e+01 -1.188905645236781083e+02 -1.463210810472858370e+01 1.472266004533959176e+02 -7.309354406480285604e+01 -9.160317024246931794e+01 -1.346986798107025152e+02 4.321707562426371396e+01 -7.260638975225300840e+01 2.008026197032111213e+02 -7.403781896055588163e+01 -2.796526383079945077e+01 -1.292072202321979058e+00 1.711662864070646322e+02 -4.984664531445204716e+01
-3.173920883034414686e+01 3.174513981600621264e+02 -8.737064501990698773e+01 -7.275642129550760728e+01 -9.438590713495435125e+01 -9.941942085192013678e+01 1.401900054003254681e+01 -6.266200461914851161e+01 -3.897081023389144860e+01 7.583075447853484263e+01 1.262308429346252296e+02 9.203480683795918083e+01 -9.886630632245359607e+01 -4.480849980366452989e+00 -4.435527292158554502e+01 -1.339717875769816544e+02 -1.545907279262022094e+01 -1.275353160289666619e+02 8.563166847847094587e+00 2.044198609206856432e+01 3.512142424826803477e+01 -5.784562389651619441e+01 -4.874564808864244014e+01 2.488850861101186496e+01 6.734992767916097911e+00 -9.289622102344681309e+01 -2.523400477564766931e+01 3.606441201945916220e+01 9.203596842950469181e+01 -6.733186391145480343e+01 -6.057111846828093604e+01 1.095038003102966684e+02 9.865097240699572012e+01 -8.429993288379668570e+01 -1.165446291997086803e+01 5.296458907467997790e+01 -1.401732494944988332e+02 -1.821262729944974623e+01 5.654518604808437487e+01 -1.231635919417359446e+02 -1.804274694561559329e+02 -1.367073194574803949e+02 7.155539562986957947e+01 -2.834488457917783322e+01 2.526855901483792479e+02 -4.034433229786935016e+01 3.523385886939221479e+01 4.914802268323298362e-01 1.226501046027147481e+02 -4.676595567582216262e+01
-5.213282937097577729e+01 2.915013020814806168e+02 -8.057769253039712964e+01 -7.417684976334994928e+01 -8.069343376121373979e+01 -1.374560630575502955e+02 7.914661873225640853e+00 -4.059191656938208581e+01 -6.008425109194699587e+01 3.970200494229805344e+01 2.395103810561638795e+02 1.170374392540827273e+02 -4.932553334532349965e+01 -9.934476531644278907e+00 -5.394092249097037239e+01 -1.450443502060881542e+02 -2.385615658576441334e+01 -1.407563878364982202e+02 5.327808517803288169e+01 -1.438548419382004262e+01 3.011220048908899116e+01 -8.990994512092800051e+01 -5.008874256162486205e+01 1.245136031762030449e+01 2.943749922906135907e-01 -1.058472723571312031e+02 -3.732108534796964960e+01 1.080011341049649687e+01 -1.448798017757597556e+01 -3.361697994470392192e+00 -4.382948724706992749e+01 6.057756935728938430e+01 8.715728366538381522e+01 5.855468556549698000e+00 -3.540620451343096420e+01 1.069528400142867319e+01 -1.340143130492324701e+02 -2.322421424584225846e+01 1.003944069064393858e+02 -1.415825956869995537e+02 -7.742704784573112420e+01 -1.015829131952507538e+02 -1.641737363040956055e+01 -1.143246923653549096e+01 3.910488496190180285e+02 -4.005879296026843406e+01 6.066277413180217337e+01 -2.218226067859887607e+01 1.564518263031804679e+02 -4.869584696002661417e+01
-2.268529067093004414e+01 3.103579820041741186e+02 -9.634091506991518372e+01 -8.002271050713217448e+01 -1.233458121737605779e+02 -1.068548774149286942e+02 2.550475578993934889e+01 -5.870432684684561764e+01 -8.673127100789294275e+01 -1.995194457071781002e+01 2.988862884335886179e+02 7.858677950630530518e+01 -7.088269122895275132e+01 -1.599320398891083528e+01 -4.961932843163443607e+01 -8.216890424806722137e+01 -3.445562148151118720e+01 -1.504545102943002632e+02 1.230145906650399610e+02 -3.495747365607005719e+01 -6.712089380897477753e+00 -9.208132330167661905e+01 -6.089857108574872058e+01 1.529308316052350666e-02 -2.037205064019182998e+01 -8.816089653961236650e+01 -2.881782361513636914e+01 5.042077932329111434e+01 2.610296819956482395e+01 -5.446516503193280556e+01 -4.422912347942911282e+01 1.141793722758251306e+02 1.249295796088363346e+02 1.482157956550921085e+02 -3.513509418881593405e+01 9.172919111754363541e+01 -1.540126677065494505e+02 3.414957844989413349e+00 1.055057900251216410e+02 -1.529152873350955701e+02 -4.800349605250804785e+01 -1.728441429196615786e+02 5.585347766502313505e+01 -3.590026464132051132e+01 7.150265810761733576e+01 -4.456386565597271243e+01 1.657597525462768573e+01 9.403977423612801090e+00 2.721321834962358253e+02 -6.119307547449406570e+01
-3.471886590060709921e+01 3.222458085418526252e+02 -8.804127747947177340e+01 -7.707829219648955643e+01 -8.536061352853545259e+01 -1.648725665187684228e+02 4.083360623882758489e+01 -2.911526173105506743e+01 -7.337327843253660831e+01 -4.201839707554416020e-02 2.540667911452737542e+02 1.502765918051041751e+02 -1.052161126181555488e+02 -2.637333449901840510e+01 -6.205788301260366069e+01 -8.675973832671920150e+01 -1.145284177245896728e+01 -1.257180154786690309e+02 1.393361436313099091e+02 2.062641771891308551e+01 -1.509396055018469163e+01 -7.356399933386703083e+01 -6.431687408831429309e+01 1.937832102648005517e+01 -7.929493667406140389e+01 -1.198583352845463423e+02 -3.145763668386637946e+01 7.854102330373470409e+01 4.681955954258984320e+01 -1.322571263690202414e+01 -1.156301824179942344e+02 1.563895953088664044e+02 1.042323539316895733e+02 2.245930031313731092e+02 -4.966938507210464593e+01 8.165166016676793959e+01 -1.536502145390234944e+02 -2.586217456433320194e+01 1.292225964270582210e+02 -1.245001540942826068e+02 -5.927463370549731536e+01 -1.411248453024169578e+02 1.519916917427652834e+02 -4.167332853126347914e+01 5.357681371194013309e+02 -8.605857690395544068e+01 6.002348595791512587e+00 2.511765477772015842e+01 1.958352541641617108e+02 -5.057890673385944069e+01
-1.543250365896971310e+01 3.581772701176062697e+02 -8.887735083005567560e+01 -7.981154674705878449e+01 -8.438299622362394814e+01 -1.740606277422541268e+02 8.717949441816259082e+01 -6.725135250164561285e+01 -6.252880796916989681e+01 6.131774407847535002e+01 1.957785030473210952e+02 1.208003893701032609e+02 -9.664622717398178509e+01 -1.204932678849766425e+01 -5.325885325196148301e+01 -1.738313343014610552e+02 -4.877988524045314733e+01 -1.151369648943449420e+02 7.272436667260899412e+01 2.846298655295917612e+01 3.428220337273939489e+00 -1.222082917301857634e+02 -7.489287515689953523e+01 2.840505956367940499e+01 2.889320095601078719e+00 -1.887271415933906837e+02 -3.356596826252663135e+01 8.083084976045721248e+01 6.408984512261415034e+01 -8.712929455327306982e+01 -1.540415584831607134e+02 1.907906848205925598e+02 1.124680442936538185e+02 1.672313898831887400e+02 -8.115528869007000878e+01 2.559497430359036585e+01 -1.736920568242603053e+02 -2.523476879172725518e+01 2.458738956486558891e+01 -1.641305981894836918e+02 -1.528204860568863133e+01 -1.349570864720089389e+02 4.397084488365297972e+01 -2.165650491331214766e+01 2.338659524751596166e+02 -6.101946730815231490e+01 4.166364519971158842e+01 8.007610396399584829e+00 2.144580062090377623e+02 -4.934050719991792278e+01
-3.542356735450688632e+01 1.016020372193820975e+02 -6.900096542634345553e+01 -7.355709315141344007e+01 -1.545421086343746424e+02 -9.741771624345105351e+01 -1.702183078571728814e+01 -5.590507927292604506e+01 -9.781014007706309599e+01 5.446402393180786561e+01 1.645795317371710951e+02 7.142290629571466809e+01 -7.704672988396194455e+01 -4.644529136282485382e+01 -5.339506080127339516e+01 -1.881379664529094384e+02 -1.633508762096946043e+01 -1.218567462097837506e+02 3.548878509431298056e+01 -9.713044801073770884e+00 -8.214595982168933830e+00 -1.152426848649433140e+02 -7.701686212007521704e+01 1.554246451947672547e+01 2.901668346781992014e+01 -1.016956391200835554e+02 -3.253921005642700237e+01 5.341153979967798193e+01 2.401215077524685526e+01 -1.508847975937987762e+01 1.700862401188011930e+01 1.483179361139118271e+02 1.033552723463775749e+02 -8.724916179498076474e+01 -1.206656133246502520e+02 1.133298657103442650e+02 -1.764510412198451661e+02 -2.584305660507286362e+01 1.272870903387922112e+02 -1.613774842891660342e+02 -6.758361702245350955e+01 -1.610436833122899998e+02 1.202702200202613767e+02 -9.789264524091097996e+01 5.898332690588952119e+02 -1.068481480491159772e+02 -4.309092671566006061e+01 -7.754017569131426590e+00 2.294892210096768395e+02 -6.535040941424364291e+01
-1.080561311824021331e+01 2.177156346551557533e+02 -1.251775698686521707e+02 -6.733701791836935513e+01 -1.269538812626100253e+02 -1.512593427875199268e+02 5.977979145192302113e+00 -4.864916873681400489e+01 -7.245533256836829139e+01 5.116207383561293653e+01 3.158742743865590796e+02 1.610224915766212295e+00 -4.670381431870247013e+01 -2.079193357150329291e+01 -6.056311561994134252e+01 -9.830151147749725737e+01 -6.620362435637096254e+00 -1.385634860932334789e+02 1.495017286146961624e+02 2.123408012142277812e+01 2.252649950541045953e+01 -5.251093620586804889e+01 -1.019308762509931370e+02 -4.712967211830956793e-01 -6.543169098445117982e+01 -1.439065350390534661e+02 -2.114747336916095577e+01 3.756458004442730925e+01 -9.064981090624714355e+00 -4.636716230174645403e+01 -4.205204774693003600e+01 7.130776051674860128e+01 1.239269080150539821e+02 -1.059447989285459641e+02 -2.911418720679022343e+01 5.187874818040799596e+01 -1.886159363399947893e+02 -1.406960049896210840e+01 3.464165206726343058e+02 -1.707212313087049722e+02 -2.454478596955093792e+02 -1.467530911806606753e+02 7.952278716185616325e+00 -4.070122287069018796e+01 3.853915173611305818e+02 -7.356681147328345105e+01 2.940797776208658121e+01 6.446860794977644638e+00 3.268527935358288801e+02 -5.591729267420549121e+01
-5.241580930866589938e+01 3.610260693055935803e+02 -1.077301188827580489e+02 -9.320366000966775744e+01 -1.047206225556400625e+02 -2.078218712721709380e+02 9.433611345080308297e+01 -6.215100960909381911e+01 -1.206048749831375062e+02 8.052113167753903511e+00 2.336963798451903926e+02 1.065147460359526690e+02 -1.339866611428110446e+02 -4.540858309828141870e+01 -5.628840626620593213e+01 -3.274095641898229303e+01 -2.838791669502331061e+01 -1.330678962424032079e+02 3.920505053384840721e+01 -3.656069964688496299e+01 4.991709233799580403e+01 -8.427681530693419631e+01 -9.237066880187084905e+01 4.780459761631079552e+00 1.954684640267735674e+01 -1.545687167151095309e+02 -3.453078412718693357e+01 -4.248066808889180201e+00 3.629410769022140215e+01 -9.056082110560394938e+01 -1.189825260677943959e+02 2.317036654514296856e+02 1.373255257142159280e+02 -6.650086426469543710e+01 3.019624173737278738e+01 6.827159320704176082e+01 -1.861828615805600009e+02 -4.074774061185778606e+01 1.229302465191682501e+02 1.012863560795249214e+02 -1.858804604955368234e+02 -2.084958316275315440e+02 1.418015597059159631e+02 1.716581283517756873e+01 5.843827001568661217e+01 -7.409729481715302768e+01 3.788699045011932043e+01 -6.383920737164027415e+00 2.407902675431121509e+02 -5.674805008234544346e+01
-9.292802854196622775e+00 3.598424052014160424e+01 -6.704071913372902713e+01 -7.403147759721123577e+01 -1.107715991236005948e+02 -2.012792708334983161e+02 -7.043226312747972884e+01 -8.422685795250937701e+01 -3.962620355843561981e+01 -6.868214156984435270e+00 3.027083892955884039e+02 1.579280157313561119e+02 -1.282222731002791534e+02 -3.113127794220712019e+01 -4.129326048586720788e+01 -8.652362124346905148e+01 -3.709107755067891787e+01 -1.807808058835625218e+02 1.718622901282786017e+02 2.042669544322558650e+01 -1.179834081841963567e+01 -9.176819198711632453e+01 -9.173485562270262506e+01 3.053840298642824891e+01 -7.638768066107085986e+01 -1.636796968640661021e+02 -4.726027752430650963e+01 1.478263502847030431e+01 1.349778496804437111e+02 -7.379892322436370478e+01 -2.746898077367971425e+01 1.120640984419591888e+02 1.476122460847442142e+02 4.916714913895668104e+01 -3.637810149386530867e+01 8.113396624420156300e+00 -1.825762084410699231e+02 1.903301201336214632e+01 1.633390610954947135e+02 -9.138546587146819888e+01 4.512606621539489105e+00 -1.679888335751652164e+02 -4.172176100390905162e+01 -9.587525340701736809e+01 5.774447373385212359e+02 -6.585613796412202703e+01 -1.266492857595609367e+00 1.488611964223874828e+01 2.287784709011487507e+02 -6.395743213103627056e+01
-5.483222018830708322e+01 3.180550560793322461e+02 -1.202351291712786718e+02 -9.877487445847282288e+01 -1.371873937201866056e+02 -7.888139210796084910e+01 7.808286218090763953e+01 -2.700863481902146646e+01 -1.433964212220006118e+02 -4.435764461753019106e+01 1.839347182473883606e+02 7.125968028614167338e+01 -1.797381824553953891e+02 -2.647953500111719904e+01 -7.081237007460690336e+01 -2.090966390377681989e+02 -4.985846791554399005e+01 -1.295356434921950211e+02 1.174854270637520903e+00 -2.008935811854463793e+01 1.891830008231791638e+01 7.206627481966230597e+00 -8.456467572854117520e+01 2.435529100723404738e+01 2.872256738461656056e+01 -1.784465171925578773e+02 -4.839120065845168028e+01 6.847415409579838297e+01 -2.771743817661906206e+01 -6.562124165252356534e+01 -1.066576965731768638e+02 2.266557495640386719e+02 9.035789944677482310e+01 1.588302943709911972e+02 -5.696547585289736304e+01 6.187182328473392090e+01 -2.015594731720955792e+02 -6.372095515285018763e+01 3.396763426686015350e+02 -1.801249926455451202e+02 -2.313432619587185854e+02 -1.627303231354885611e+02 6.767025221911701749e+01 -1.278516296220008002e+02 7.111921116169467041e+02 -9.459776223771622483e+01 2.590750848511206073e+00 -1.601704112409744951e+01 1.694824409366977989e+02 -7.872543997468834220e+01
-2.156669957918533598e+01 1.398599377877389145e+02 -6.491415702774554575e+01 -1.029650065639428504e+02 -1.700152586488875102e+02 -1.589916790098472745e+02 -2.771344619387059538e+01 -7.070072600285782016e+01 -7.586771341858413109e+01 -2.533701584788594019e+01 4.207422079303721603e+02 9.143973584922821374e+01 -1.037049467961826394e+02 -1.086587314610112465e+01 -2.542261603778212375e+01 -2.180379391411884740e+02 -2.535310729640080396e+01 -2.002260046007222059e+02 2.342887859454378656e+02 6.548922311611302405e+01 1.292360801189061092e+01 -1.299020014160639391e+02 -9.304044834856875923e+01 4.172192313043057155e+00 -1.286165015169089259e+02 -1.481630364791088823e+02 -3.454654247782215037e+01 3.574030011999501255e+01 1.069916537527048632e+02 9.277465182173209257e+01 -2.253901176895645264e+01 1.754971055172806871e+02 1.250836966231336191e+02 2.919230095243107144e+02 -8.027748697028937386e+01 8.114266521707693869e+01 -2.233593586410088392e+02 9.869835028140755639e+00 3.644550063781732518e+01 1.052316761081047645e+02 -1.235500397771839687e+02 -2.689915646295202123e+02 1.443801012637568704e+02 5.583305461033179995e+01 3.346324472049981864e+02 -9.177990734328341205e+01 -3.506481086181091200e+01 1.195961365786335406e+01 2.621020825756326076e+02 -5.221655282863333980e+01
1.923134970730167481e+01 3.915618184276594320e+02 -1.009520851603244722e+02 -8.232676034308605040e+01 -1.083558981442032945e+02 -1.788412960514747567e+02 6.530555969227341961e+01 -7.426508111519211752e+01 -1.360925098244152309e+02 3.958070574227648564e+01 1.467737577829767304e+02 1.332713921113430011e+00 -1.227296475488442837e+02 -3.468978086341810751e+01 -3.734200897470096692e+01 -2.264786313430953726e+02 -2.085487802449642558e+01 -1.417705859137596462e+02 1.031808617729573996e+02 -9.505141694780066430e+00 1.528988046151349067e+01 -4.780310860310696341e+01 -1.282027246377625715e+02 1.117996281023389571e+01 5.083589932339844353e+01 -2.226502348841900982e+02 -4.671866473629444272e+01 3.461286874084382958e+01 2.927897542639296091e+01 3.677453075975500241e+01 -8.352840095251225705e+01 2.350009160258369718e+02 1.315751063226863380e+02 1.403538499872222474e+02 -1.349597975683121831e+02 1.035432620181982628e+02 -2.228171831211498386e+02 3.463289526287798736e+00 3.056208928500690263e+02 -2.019425180238794724e+02 -2.064781637661374134e+02 -1.775948680685581280e+02 -6.547985519993891046e+01 -1.255489247269450033e+02 8.849893040615915751e+00 -1.276931965505890503e+02 -1.313936913608405632e+01 2.478245736699652468e+01 4.074240937830919620e+02 -7.378978985312643601e+01
-4.765058507632036111e+01 3.970132120575090795e+01 -7.410964113915729001e+01 -8.835011152635972564e+01 -1.585960102834725944e+02 -2.619047520787476628e+02 6.558635542604583257e+00 -8.963352753253586513e+01 -1.046754915304127422e+02 2.750548873604535416e+01 5.667862786160904989e+02 1.022484700479112547e+02 -1.236188728382095121e+02 -2.558107157813873300e+01 -1.860968600708993037e+01 -6.366194783474634278e+01 -2.111672513967695153e+01 -1.862974502846208509e+02 3.405864758204667453e+01 -1.692597629097510392e+01 -7.204561127026628320e+00 5.906087524366084551e+01 -1.288893421977940079e+02 2.330316779852933173e+00 -3.196243652121640011e+01 -1.485770043868739947e+02 -3.921379555862093014e+01 4.073961263459403170e+01 3.651844664709074806e+01 -1.439500042958717643e+02 -1.059378556741156956e+02 9.766533607239541936e+01 1.802914475106521763e+02 1.698110892733583341e+02 -6.469552405588125055e+01 -6.447744907534618619e+01 -2.409837802864459491e+02 -7.693861751430010543e+01 1.122664806450260215e+02 1.641270516288653312e+02 -1.980609028529186162e+02 -1.358674847741852716e+02 7.125929312653140357e+01 -1.505035943082031054e+02 7.708429351161162231e+02 -9.411317342231096461e+01 3.563846500307780474e+01 -1.819071619512856586e+01 1.760682781649668698e+02 -8.447408244339679584e+01
-6.498020561321945365e+01 3.228389639488498233e+02 -1.396785410903194702e+02 -1.093051039913337661e+02 -1.401653170378395714e+02 -2.438410908819140275e+02 5.190198238277690734e+01 -7.343330385827113105e+01 -6.064790099368103427e+01 3.261269031688489406e+01 1.859070968844616232e+02 1.046097234189623748e+02 -1.327802340248939856e+02 -3.285981863713264772e+01 -4.802849585317900249e+01 -7.661665288783207473e+01 -3.507810344704014760e+00 -1.474665896281871653e+02 2.074031487081449825e+02 1.058453753896686891e+02 3.063685867197807511e+01 -1.257875572162003408e+02 -1.293075568424638391e+02 6.552786330558689976e+00 -6.685577054148410525e+01 -1.799986373341019998e+02 -5.180014162449805326e+01 5.527614163249014467e+01 3.513318252848606704e+01 -7.901519968620387147e+01 4.717547618088265438e+01 1.950473110841513744e+02 1.316245400385415110e+02 1.353091464681032789e+02 -1.071277544966530115e+02 -7.583135439153110724e+00 -2.386574891074778009e+02 6.130490131452862101e+01 3.224985250874840403e+02 -1.870558274607597298e+02 -3.094603065179597934e+02 -2.359374758074306442e+02 -7.767374773662441001e+00 -1.087877741611698212e+02 7.275638493716498942e+02 -1.067268962124774276e+02 -9.694575989835145791e+00 -1.175425300021101194e+01 1.948642956967425164e+02 -6.611637762397491258e+01
2.418382691737432211e+01 1.441219964242833953e+02 -4.309912896276599525e+01 -8.031896061719898228e+01 -1.431100575464550957e+02 -1.444491211494443519e+02 7.322117296235666117e+01 -7.392687497843479605e+01 -1.279478460256667205e+02 2.735436176159962329e+01 5.628356153803071038e+02 1.338530565442711406e+02 -1.501067285299083096e+02 -3.105567026161745048e+01 -5.992015624778913718e+01 -2.634570130480981121e+01 -2.640343947313750661e+01 -1.571110943265279332e+02 1.347372106360277826e+02 -3.380896711884612671e+01 2.655052005152037609e+01 -1.094721295691776675e+02 -1.329996012328060999e+02 1.516177665933327479e+00 7.663664655010337867e+01 -2.948460080239290733e+02 -3.596916736785702540e+01 2.693015450944422895e+01 4.343048141465355627e+01 -7.102156961370606325e+01 -1.160703546389425611e+02 1.616842614915717888e+02 1.442966220641506254e+02 1.480345868928644393e+02 -1.198290074970553150e+02 1.047815999018257429e+02 -2.659738253279230094e+02 1.101738965413342086e+01 3.279058791699952167e+02 1.068637375959510507e+02 -1.170542048765726051e+01 -2.970448035245214555e+02 4.428328281498356489e+01 6.899607483329447177e+01 5.035796787012908453e+02 -1.084682515435042376e+02 -8.442666881889718411e+01 -1.143153505297325623e+01 4.016763794959374536e+02 -5.812662049977643619e+01
-1.891464145542530062e+01 2.504474998581357283e+02 -1.331317716516038843e+02 -1.249278649928176179e+02 -1.580890564434488681e+02 -7.273262057908279132e+01 1.805505529377671792e+01 -4.223875757450768020e+01 -1.157054827334962965e+02 1.997101895776764735e+01 4.534084316141174327e+02 3.626249803878604183e+01 -1.427385753321059383e+02 -2.424936689560414038e+01 -7.195983224559657288e+01 9.517874566947257620e+01 -7.537474360413800412e+01 -1.834502496367181834e+02 1.361472755055653749e+01 -5.557607562015675740e+00 5.861263459240914386e+01 3.591971765848040565e+00 -1.252750374395475603e+02 5.251541369311857110e+00 -2.126033448490289501e+01 -1.808775222711979609e+02 -6.247644372203352248e+01 1.691706330857116214e+01 -5.487403341548412250e+00 -9.352191458202803176e+01 -7.326982126134271311e+01 1.089929207213920535e+02 1.436704150885320814e+02 1.140000365246457221e+02 -1.133442475591105421e+02 7.154621582018252468e+01 -2.425914262601574194e+02 -7.768855900553330684e+01 -2.737224726280736675e+01 -2.162768479757678506e+02 -3.002521710695093020e+02 -2.226271658701762419e+02 -7.495171377545045743e+01 -2.844792978552486140e-01 1.299674648573662239e+02 -1.321532686656327940e+02 -3.159904678742119444e+01 -9.578934886027486328e+00 3.394527804761858079e+02 3.507512971329927787e+00
-6.326923705656157182e+01 3.717656056081092402e+02 -1.050145568123813717e+02 -9.849905232304078595e+01 -9.753910286900105575e+01 -1.305283821042080206e+02 1.101088737997996532e+02 -5.805275586205213045e+01 -6.007484758872421793e+01 3.574021760891663035e+01 1.869380703765952489e+02 1.601887341651887766e+02 -1.870293329990481652e+02 -5.304459419040836110e+01 -7.360998052033983186e+01 3.366659602384858374e+01 -8.495182363158384931e+01 -1.126942636320252973e+02 4.720570707123654302e+02 9.299535030782949718e+01 -1.095118014088245850e+01 -4.815361984450163391e+01 -1.812149618255636199e+02 -2.854822389804639826e+01 -9.691247550351296525e+01 -1.887708481138440675e+02 -3.576823400964546096e+01 2.568093180040419199e+01 1.177450623855204128e+02 -1.116593117714501062e+02 -1.468946986973599067e+01 1.861090531579977210e+02 2.303812393627757160e+02 -7.968716151595714337e+01 -1.230943132695465181e+02 -2.761585734431546513e+01 -2.761625132827678044e+02 6.571392599159474912e+01 3.084256404871916857e+02 -1.209485901152866489e+02 2.355384635136002558e+01 -1.922784664642238397e+02 1.063302935153319737e+02 -1.512047065282411893e+02 2.129839819287950604e+02 -1.480763459282945291e+02 -1.732087189443338104e+01 2.428031378310263477e+01 2.088398109816002943e+02 -9.232423117072946184e+01
-4.364043062498345904e+01 1.173672058591656508e+02 -7.943341002708839937e+01 -1.197918512488428320e+02 -6.814638837861322429e+01 -1.468669091034479095e+02 1.152543452154978922e+02 -9.378710852791817842e+01 -1.073393709961994631e+02 4.281933990509237020e+01 6.120990106323868076e+02 1.126614249230706406e+02 -2.065700861992168598e+02 -4.442121421606982778e+01 7.711500433140255950e+01 -1.930192570458439718e+02 -6.546296243270452919e+01 -1.778082770168554134e+02 1.144293402724480444e+02 2.243919736208145821e+01 2.130419382222625302e+01 -1.417814989918923629e+02 -1.524520392100590129e+02 7.907861464801735352e+00 2.376714731771620137e+01 -2.838897718716621625e+02 -5.512741388138522325e+01 2.485594553484289548e+01 -6.377060686873375062e+01 -1.115654794859115526e+02 -1.133134551273403474e+02 2.228413733587180445e+02 1.815148057168431706e+02 -1.785484762905122693e+02 -1.894996200508316804e+02 8.748548577224519818e+01 -2.176179784520814167e+02 -7.571517334754890527e+00 2.555986817174915586e+02 1.835134438998202029e+02 -1.525650620981479051e+02 -6.054223564526880352e+01 6.076691723132746858e+01 -1.544830962223249458e+02 8.155858291103302236e+02 -1.149545321922760337e+02 -2.820102329856646506e+01 2.208252256304561012e+00 1.989577366208711737e+02 -7.876131285196613874e+01
1.377546772043499779e+01 3.707289813454466412e+02 -1.423271250106747345e+02 -1.206987509139495529e+02 -8.190355686724964812e+01 -2.522841835949271569e+02 -3.628107170732718600e+01 -1.362316581528583583e+02 -1.344959683251018703e+02 1.074746051890287468e+01 5.506995804883264327e+02 -1.987418644167193804e+01 -2.250002191397736055e+02 -2.887133546743306667e+01 2.290825151176496988e+01 -2.156575602464151586e+02 -7.655927031150750395e+01 -2.662161039384278070e+02 7.162151267640797414e+01 -8.038119431842746110e+01 2.639423664644159828e+01 -1.510610445664848100e+02 -1.327776862631429537e+02 1.185154568554662546e+01 1.162520307674918598e+02 -2.825582141425237523e+02 -3.499483872193766132e+01 6.213519336392240300e-01 7.210400528128707265e+01 -1.149224543854989378e+02 -5.268172274486871487e+01 3.827167964435062686e+01 6.679997492458750230e+01 -1.708671026350510544e+02 1.104546178951005828e+02 3.948116072308776836e+01 -2.575322578797561732e+02 -1.898996859727114028e+01 -1.037574608420814286e+02 -2.139648213575688374e+02 -3.674148853643716279e+02 -3.046591571027252598e+02 1.382405614689903075e+02 -5.627343275787123389e+01 1.104706731352497854e+03 -1.276198035766466603e+02 -5.505358408314842222e+01 1.868339796322407054e+01 4.921559410486021306e+02 -8.313752181784491313e+01
2.227846971480343896e+01 3.888035791185588437e+02 -4.858448571864048660e+01 -7.114314323243654314e+01 -8.113028830802799973e+01 -3.603931095312319144e+02 4.242164458980684572e+01 -1.005851517589722732e+02 -1.138118912979026618e+02 2.319521720558410216e+00 2.923040063017775196e+02 6.534757762869209330e+01 -1.907276541995396428e+02 -4.961682431168257068e+01 -9.545754413800780469e+01 -2.272800636817758573e+02 -9.735781591956276770e+01 -1.590621859629103483e+02 2.763634906325917768e+02 -2.111603847098040276e+01 -3.884738055343505181e+01 -2.987839956251456286e+01 -1.405673944955574939e+02 -3.031371029374853521e+01 -5.282956801838571437e+01 -2.252583504630110554e+02 -4.582704299027049899e+01 5.301796229435284857e+01 3.343913036441582420e+01 -3.537412154623001470e+01 7.022941188185065187e+01 1.063294415507751296e+02 8.098285906612694873e+01 -1.628567383610713648e+02 -1.581952411648830719e+02 -4.555861201496863089e+01 -2.737071418541413550e+02 -7.270464843869763172e+01 2.435730142176000754e+02 -6.099186943195868338e+01 -2.781087583821824083e+01 -3.540779796713965197e+02 9.317987973950298652e+00 3.059628629860001503e+00 1.093330068791815393e+03 -1.384378375030183861e+02 -1.629671334049539055e+01 -2.917234396032507959e+01 4.774825397809463539e+02 -7.260579379598394212e+01
-6.528714403277562894e+01 2.680443738424567073e+02 -9.787001425541548372e+01 -1.286637664561337431e+02 -1.118245155326185056e+02 -3.063573225165999929e+02 1.529798797244825437e+02 -8.452300709741501805e+01 -6.331343755746502211e+01 -9.814372829436191381e+00 5.691734491300434229e+02 4.737044648214487808e+01 -1.925022801117364395e+02 -6.984948941386427634e+01 -3.594011596713264112e+01 -2.896623560106233981e+02 -7.131797092020897821e+01 -1.848135185730924661e+02 1.899106470229976082e+02 -3.545326851732398410e+01 -2.502258127938656784e+01 1.890037069351762398e+02 -1.551603256536277513e+02 3.035597725151848447e-01 -2.038742706226754109e+01 -2.256861834263494586e+02 -5.754834854945884359e+01 6.781201563877822025e+01 -1.167081074388502628e+02 2.056070657732110476e+02 4.839317943491828800e+01 1.636406900816286338e+02 1.111186686188923289e+02 -8.140694667206942370e+01 -1.882158683580692298e+02 -1.780089009460058378e+02 -2.426597014719041567e+02 2.031061136118272969e+01 2.319057299866991002e+02 1.908648889734216993e+02 -1.795780171302365318e+02 -2.336766651593719644e+02 -5.583419327353484363e+01 -3.759034569112343860e+01 6.538752722289763142e+02 -1.283994205161126274e+02 -2.138770256036951167e+01 -1.532592995145774672e+01 2.455383128849284162e+02 6.430190686511124909e+01
-8.101423352742996542e+01 2.935557036698498479e+01 -1.118108755336434115e+02 -1.097923778480848256e+02 -1.093734685187111069e+02 -3.414756501995192934e+02 9.684246772691982130e+01 -1.246297130993680469e+02 -7.465530798416715186e+01 -3.822823513304515330e+01 5.885334299026653753e+02 -2.247658173501875467e+01 -2.115636815013589285e+02 -7.197661616348345603e+01 -1.259247611331657168e+01 -2.842105577266920591e+02 -6.039948178161277070e+01 -2.341100594694085828e+02 3.509157558840681759e+02 7.762748960819965305e+01 -2.566352052537446582e+01 -1.195268605381931337e+02 -2.205081170995460695e+02 2.894270844386387598e+00 7.060296661523135242e+01 -3.165054110462406243e+02 -3.837411903614012942e+01 8.659627007453636338e+01 4.826428662573933082e+01 2.442252171367377116e+02 -1.447601783038178382e+02 2.880687559700611473e+02 1.593025384847543364e+02 6.240242863995270284e+01 1.333404339188774941e+02 -7.023815989276594962e+01 -3.009137089766720692e+02 -1.667058738198847934e+01 -2.211715402671685649e+00 -2.044954252296378172e+02 -3.162178121057496014e+02 -2.989245763617764737e+02 1.383468396370824678e+02 8.004328899407980202e+00 2.279271383650017242e+02 -1.467439483114944210e+02 -6.367053000395520002e+01 -3.336672739469301874e+00 2.080268709175691981e+02 4.223575934675975674e+01
-6.607539562282677537e+01 3.099158068959445700e+02 -1.444913721864095066e+02 -1.157447858746905212e+02 -1.504290416638687304e+02 -2.206553061180112536e+02 -4.161359102795471188e+01 -1.402668732577946287e+02 -1.899745620593025990e+02 -6.795230805708099808e+01 5.398178492753467026e+02 8.888829243925732726e+01 -1.862659305346971337e+02 -2.570102688919629585e+01 -8.139525798561675174e+01 -1.339366189898423443e+02 -3.952356667613528174e+01 -2.635770797049449357e+02 3.038424025095758338e+02 4.492409163098265990e-01 -7.334751065022385319e+01 -1.752090029566201110e+02 -2.061924850289721292e+02 -7.939729940171938449e-02 -9.042990463285410785e-01 -2.810418541661439917e+02 -4.187765927135013300e+01 7.247023525009038281e+01 8.549024050251382789e+01 2.494820086035773272e+02 -1.552761867833197016e+02 7.927935425306510808e+01 1.770234891704200209e+02 5.740827134605044080e+01 -7.312945631153883141e+01 5.034845325004123140e+01 -3.170791424077844454e+02 1.407836187105589829e+02 -3.815250685001475972e+01 -2.143682483210597809e+02 8.290459761915685988e+01 -2.322707809744255769e+02 1.540354474787136496e+02 -6.385350293400242805e+01 -1.364056193131893053e+02 -1.299809685912022985e+02 -4.380877221120346121e+01 9.310533297098535499e+00 1.901114784963136231e+02 -6.326860946948651332e+01
-2.164206170195712886e+01 3.271802135459816441e+02 -5.896998746176470263e+01 -1.113131889226943656e+02 -1.456388752216882381e+02 -1.681195989210303878e+02 3.841351012298602541e+01 -1.178381079048870390e+02 -1.313619239105092902e+02 -8.698554214985755095e+01 3.905235175525746740e+02 1.197453040747640358e+02 -2.455596424911937845e+02 -1.023148230603301378e+01 -1.405633261287320863e+02 -9.525454648274754277e+01 -4.477043604536002697e+00 -2.056996781081575705e+02 -4.177078720955408642e+01 7.458956173627122155e+00 -3.224987001681837739e+01 -1.884270615372171562e+02 -1.971105510340370870e+02 -2.789125788838660824e+01 1.952048174289912552e+01 -2.991477175374521948e+02 -6.292420270118226711e+01 1.344837732592130521e+02 -9.869685942334358586e+00 2.553146003851065586e+02 -1.236283785200124896e+02 5.855832341808489616e+01 1.762261721818026956e+02 7.706287081684001805e+01 -1.961152132401775532e+02 4.857298809311514987e+01 -2.614104551781729242e+02 -7.295590193808384072e+01 2.621967931163974299e+02 1.103885059685286336e+02 2.706436441608305543e+00 3.773904935788825696e+02 1.555319997794844333e+01 -1.816495269945372684e+02 3.152040879259706685e+02 -1.349084425700226291e+02 -3.364260141278817429e+01 -1.464035038451313575e+01 2.399078210255446493e+02 -1.004270321188991062e+02
2.002993650628046041e+01 2.766535460781834672e+02 -1.466198489895708974e+02 -1.446935573165646076e+02 -1.156492933259877987e+01 -1.322920733857950779e+02 1.427518168340066609e+02 -7.976090904146204252e+01 -5.433205881700153128e+01 -8.507203702991427008e+01 7.337096000008657484e+02 1.166769243415017314e+02 -2.421338683188618859e+02 -3.749958066357538655e+01 -5.681954336744831835e+01 -8.221204639478837350e+01 -1.478758922801560871e+01 -1.901101986381172537e+02 3.091349718225142738e+02 -5.166436090397997560e+01 6.346059348295863600e+00 -8.774229039910591155e+01 -2.212291739222477815e+02 -2.190981435235301333e+01 -4.953222013417287428e+01 -3.003877168196324874e+02 -4.640722665446615736e+01 2.084760043035115586e+02 -7.266066921184541627e+01 4.312072995905533617e+02 -8.733470192767374840e+01 1.259495083318644362e+02 2.242158486254727734e+02 1.893747965836291769e+02 9.725348218684355572e+01 4.315866216889481244e+00 -3.630269207186992162e+02 -4.232675653859170950e+01 2.454993510491773065e+02 1.602091715029408761e+02 -2.726265887708523792e+02 -4.951439906731183527e+01 1.305951529743618948e+02 -7.025286715789830794e+01 7.946432879680005499e+02 -1.512626054221216521e+02 -8.076127172033886836e+01 9.109283266419296865e+01 7.649173524403486226e+02 -1.211945239814842523e+02
9.648876529809570002e+00 -9.328344892197181082e+01 -1.598650945093620805e+02 -1.385677343439925266e+02 -2.388353992877026855e+01 -8.100960322588041151e+01 1.070397689684588727e+02 -1.092945832181119385e+02 -1.081414629675905132e+02 -4.045859539195895849e+01 5.917329769408589755e+02 -2.750224393797837674e+00 -2.488474791393469445e+02 -6.757479838662209204e+01 5.107702385190091832e+01 -3.459289033722897955e+01 9.188822827928952997e-01 -2.487673232752707122e+02 4.570745398629099441e+02 -1.206269673801171507e+02 3.262347066380811356e+01 5.857808904056376775e+01 -2.140504012269371970e+02 -8.973258482778067702e+00 3.699018130512286717e+01 -2.942814730734289697e+02 -3.347792368481056968e+01 1.830671312736062077e+02 -1.131923610961438875e+01 3.151118324215723874e+02 5.019539590790968475e+01 1.300153490517387525e+02 2.512895755431701446e+02 1.863989905213913687e+02 6.202863181027395001e+01 -4.665260803376705567e+00 -3.246819437455434922e+02 2.434236982379093917e+01 1.482051013747266666e+02 -2.569361157078570272e+02 -4.447525589133006747e+02 -3.941125595617644422e+02 3.677099740039669484e+01 4.917227520532495788e+01 1.002415208814993434e+03 -1.686744833388852953e+02 -2.464025739381222380e+01 5.465760695096103916e+01 5.416941322609472991e+02 -9.966712826205053943e+01
-2.784098320707713370e+01 2.581929837327057271e+02 -1.705514461902616574e+02 -1.152625531079760748e+02 -5.147735610876681989e+01 -9.702716454548766478e+01 5.092662405280938032e+01 -1.177459969334311296e+02 -9.613559480644158839e+01 -1.265796894413683660e+01 5.428115666821119021e+02 5.749661033627275231e+01 -2.248224462277421196e+02 -6.662638045492158767e+01 2.272403870996820672e+02 8.086073359698663410e+01 -4.740586853469650919e+01 -2.420979184587974657e+02 4.612382436266942136e+02 2.279581468033165592e+01 -1.293680263548308673e+01 2.004084359182190553e+02 -2.407260067133494204e+02 8.783535317979787038e+00 -3.915285817945543556e+01 -3.425093338471396009e+02 -5.275128216832095518e+01 1.542403965414760307e+02 3.601621612619466362e+01 1.574932628292836689e+01 -1.008339728092636562e+02 2.756808751910412525e+02 2.375039146702966093e+02 9.952810676271347745e+01 -1.298309141439158338e+02 4.739920248754455656e+01 -3.160052672844275321e+02 1.312090715486101544e+01 -1.211409008944844174e+02 -2.533979684443762892e+02 4.320980263507858155e+01 -3.090306024886418186e+02 5.001964535981996818e+01 -4.755903699789052297e+01 1.114682093442353562e+03 -1.706902565117812287e+02 1.513747557002667321e+01 2.489411026715088227e+01 3.519992740386436481e+02 -5.123108441796118484e+01
-8.796221255012370932e+01 2.570469212696165755e+02 -8.315646621589910126e+01 -1.163335777202387220e+02 -5.452203149371864299e+01 -1.189017274572330649e+02 3.030770585582356347e+01 -1.198282711463990609e+02 -1.895132652467269452e+02 7.100211646896905648e+00 4.931584584198863581e+02 1.338766611176893662e+02 -1.707153645278855549e+02 -7.669852299403362395e+01 1.724815363894688574e+02 1.048175063865196819e+02 -7.698757638294723904e+01 -2.785346517866583440e+02 5.799069433169470500e+01 7.439902580398070597e+01 2.290867803535315872e+01 4.321626825896629498e+01 -2.181349190506720959e+02 2.811680139624363051e+01 -3.950349808699135679e+01 -2.660605909150460207e+02 -7.788605265054891902e+01 1.322126240129447581e+02 3.408278950878034408e+01 -1.365816343838952776e+02 -3.409779416688378006e+01 8.309555076873442658e+01 2.586844405102181668e+02 6.686920691014108797e+01 -2.159317923824634988e+02 -2.448911420196377975e+01 -2.732098479119232479e+02 1.265823403335760275e+02 2.318167356268689616e+02 8.163175809304203767e+01 1.786809571256457474e+01 -2.782357722707005223e+02 -5.304838527437867413e+01 -8.227718753431213372e+01 1.236024744986889573e+03 -1.558827041426300752e+02 -7.345738977743722087e-01 3.411306815088494915e+01 1.115574926657468495e+02 -4.517211152490490633e+01
-7.891417975070200441e+01 3.510986194687922080e+02 -1.492244575138983294e+02 -1.270759622370131297e+02 -8.028197742056082120e+01 -2.044963355100932745e+02 -1.625210825684125027e+01 -1.429792021663832031e+02 -1.802825214400794493e+02 -3.062709098359994719e+00 6.411667599078928106e+02 1.240049735726710907e+02 -2.113387460336664674e+02 -1.122049626087508045e+02 1.594126249437513820e+02 5.943451733993648389e+01 -7.500569822335268100e+01 -2.219137991941179564e+02 2.666092789830935672e+01 3.858771468168617957e+01 -3.100277457213767907e+00 -2.234620722013439433e+02 -2.165284862658413374e+02 1.741626754447420566e+01 -5.600725903395538552e+01 -3.110252104563082298e+02 -5.735691168807630191e+01 1.303306467951647676e+02 -9.432072493945318570e+01 -1.965420422634678914e+02 9.241309114215260934e+01 9.858141210137475241e+01 3.519693533726961618e+02 1.503075087988185601e+02 1.285219470081510451e+02 -7.370101839488218332e+01 -3.643469299212070496e+02 1.531267162021292449e+02 1.970643002165192001e+02 1.806874231016721808e+02 -1.006835162409246891e+02 -3.434017616555841528e+02 1.086912161645961845e+02 -8.011223047991015278e+01 1.239505171466174716e+03 -1.167692770444400878e+02 -6.099471267336978997e+01 3.532913408612694184e+01 3.042944986190318559e+02 3.824512045477818134e+01
-7.008499992325475603e+01 3.179568551009410839e+02 -1.878948944856321930e+02 -1.422415954746061857e+02 -1.063611387375532615e+02 -3.099696626154719183e+02 1.794413604515157772e+02 -1.396042036764389422e+02 -7.763004394844909939e+01 -9.367943819169829212e+00 8.572908440681699176e+02 1.409085211732745222e+02 -2.492667686309451369e+02 -6.875592768018906042e+01 7.536520005150767076e+01 1.369510785094760941e+01 -7.316136531344835703e+01 -2.171322665828203924e+02 9.743120525122492381e+01 5.671827724434696449e+01 1.710877381236661776e+01 -2.226056702101884355e+02 -2.110104543560017589e+02 3.423775239580529206e+00 -6.557859639369081606e+01 -3.697645520939331618e+02 -6.483100830018874206e+01 1.371366413016627064e+02 -1.294927618651193990e+00 -2.651740048644991816e+02 6.498320434076597962e+01 1.808239661806162246e+02 3.715204771172988103e+02 1.791588831763749852e+02 1.028080275640072188e+02 -1.069840756660972971e+02 -3.855749351996933569e+02 3.762181892036618791e+01 1.888060695235434991e+02 2.981529164381167902e+02 -2.815775786570098944e+02 -2.903832995305130567e+02 1.286022233273060635e+02 -2.126526470471120334e+01 8.106785017126258026e+02 -1.969579144290543695e+02 -4.072556959383570074e+01 5.855660107483711840e+01 2.077391630533980162e+02 4.372685201208378913e+01
-1.680975412242668554e+01 2.082364111008179108e+01 -1.879451894179356088e+02 -1.039090692518101235e+02 -1.464198065611791435e+02 -3.537832678985807320e+02 8.780034252101299330e+01 -1.392555581071773645e+02 -9.459916090221040008e+01 -3.501969640339822831e+01 6.965944299721223842e+02 -7.396748901684094157e+00 -2.150336504126118484e+02 -7.182657816801959427e+01 -2.366954130751175445e+00 7.370148234541303023e-02 -7.716401412544441030e+01 -2.021644927642737173e+02 3.732339574708362875e+02 -3.823511856741246362e+01 1.060427948882490412e+01 -1.722183867543285771e+02 -2.222879380920735457e+02 -1.639702875991440578e+01 -1.063145831985179797e+02 -3.589711072655306339e+02 -3.371979584995625601e+01 7.102757489001241709e+01 -1.685209378314028328e+01 -2.675833721395500788e+02 1.567248044818706454e+01 6.396325688923531061e+01 2.212033216090576957e+02 1.154416845464024988e+02 4.259573554852325827e+01 -8.409289744835389513e+01 -3.358498023955546046e+02 -2.847065464058524853e+01 1.897179882672271845e+02 -2.523219386026828204e+02 -3.791081099313571485e+02 -1.755016130322620143e+02 8.984464412995535554e+01 2.206091893430246387e+01 3.718765227909800046e+02 -1.725877405897842607e+02 -5.906704052328696974e+01 8.579488493996160869e+00 2.918719668066980830e+02 5.782457245402591184e+01
-2.372013202563327994e+01 4.542460723268678180e+01 -1.473920654316605123e+02 -8.068033013526026309e+01 -1.834909660578820194e+02 -4.471472969094191967e+02 1.077103740093794215e+02 -1.106626750836138058e+02 -1.342503097950763902e+02 -2.425000163923627383e+01 4.974894182543001193e+02 1.037993261047677578e+02 -2.559920469298340322e+02 -6.628656633077065408e+01 3.383548816126411007e-01 8.060156826097864879e+00 -1.164844108628510924e+02 -2.203467096505794132e+02 4.737791409674532588e+02 -1.059594492025149748e+02 -2.924475032139092079e+01 -1.110849684567739928e+02 -2.262630131038299339e+02 -8.150611290400346931e+00 -6.890843272878477421e+01 -3.302644674426649090e+02 -7.392826666795735946e+01 3.608059961866556620e+01 3.941897905459366314e+01 -2.912079692482760720e+02 -7.089181367251765664e+01 1.824158459598963304e+02 2.214697902163780157e+02 6.971482369560875725e+01 -1.700159489053844197e+02 -1.181888640581794903e+02 -2.838145733905916472e+02 -2.462033240355515673e+01 -6.733358573986164686e+01 -3.010818117921538146e+02 4.056802420584165070e+00 2.864453335014896993e+02 3.746502809095648701e+01 -3.832184093469538766e+01 1.980322393144946034e+02 -1.239967012942303626e+02 -3.385387692014860050e+01 -1.042993316753211275e+01 3.855912784089368870e+02 3.646039618896798373e+01
-3.172744108264657470e+01 3.911124684691247921e+02 -1.147359747633170173e+02 -8.796429003903415378e+01 -2.245181644700099071e+02 -3.415769147649593833e+02 7.006410722625224707e+01 -4.008051675097375011e+01 -1.912161382685789590e+02 -4.338106762618837564e+01 5.373564262514448728e+02 3.295778215824081059e+01 -3.127786921158084965e+02 -1.314610282433741162e+01 4.222704707487493181e+01 3.228624654383054349e+01 -1.378694727153871895e+02 -1.247275798026306575e+02 4.417089944664792256e+02 -1.547030707513119978e+02 -9.030060238102662895e-01 1.374858851811618088e+01 -2.603225693250220161e+02 -2.484887675462180034e+00 -3.975872574581408858e-01 -3.900721306365439887e+02 -5.757745232846671968e+01 -5.029613180800411953e+01 -2.050150733709411099e+02 -3.393668654652013288e+02 -2.275479705337609175e+02 1.591938333613829855e+02 2.414432501881181281e+02 1.102037086503248702e+02 1.550820130888336905e+02 -1.351027801733374361e+02 -3.730354567332940974e+02 -2.947873045932882619e+01 -2.032064011798295056e+01 5.859853952070447036e+01 2.162922345862024187e+01 1.046221561867286482e+03 1.241145035334051698e+02 -1.065081890586021842e+02 5.302806337699558981e+01 3.402467199945229481e+01 -2.159672364991102711e+01 -5.181850587339163638e+01 8.161810266777105198e+02 -8.696282562993663134e+01
