# Archivo con P(tau) de todas las historias
#
# Nombre del archivo procesado: Td1.gz
#
# Fecha de procesamiento: 21-11-2020 17:45
#
# Tipo de procesamiento: alfa-Rossi Tipo I
#
# Duración del bin (dt) [s]
1.0000E-01
# Máximo bin analizado (dt_max) [s]
2.0000E+01
# Puntos analizados por trigger
200
# Tiempo base del contador [s]
1.0000E+00
# Número de historias (N_hist)
10
# --------------------------------------------------
# Tasa de cuentas promedio en cada historia [cps] 
# historia_#1   ....    historia_#N_hist 
1.372047e+00 1.369634e+00 1.373278e+00 1.378534e+00 1.385814e+00 1.384042e+00 1.374260e+00 1.383676e+00 1.381828e+00 1.369691e+00 
# Desvío estándar del promedio de la tasa de cuentas de cada historia [cps] 
# historia_#1   ....    historia_#N_hist 
4.902666e-03 4.875047e-03 4.897759e-03 4.926071e-03 4.941052e-03 4.940836e-03 4.920222e-03 4.934290e-03 4.944884e-03 5.167938e-03 
# Cantidad de triggers de cada historia 
# triggers_#1   ...   triggers_#N_hist 
137126 136891 137254 137780 138499 138329 137353 138295 138103 136853 
# Tau centrado [s] y función P(tau) normalizada para cada historia 
# tau [s] P(tau)_#1   ...   P(tau)_#N_hist 
5.000000e-02 1.582251e+00 1.595707e+00 1.592729e+00 1.575122e+00 1.609930e+00 1.595481e+00 1.587794e+00 1.597550e+00 1.603902e+00 1.607980e+00
1.500000e-01 1.582410e+00 1.560506e+00 1.553469e+00 1.563539e+00 1.583723e+00 1.556568e+00 1.579159e+00 1.568808e+00 1.577597e+00 1.583387e+00
2.500000e-01 1.543610e+00 1.544665e+00 1.558880e+00 1.543743e+00 1.552202e+00 1.551293e+00 1.551822e+00 1.552503e+00 1.541912e+00 1.538307e+00
3.500000e-01 1.516237e+00 1.539064e+00 1.502060e+00 1.513891e+00 1.523859e+00 1.504493e+00 1.519559e+00 1.517594e+00 1.538506e+00 1.520542e+00
4.500000e-01 1.488067e+00 1.498956e+00 1.488213e+00 1.487934e+00 1.486919e+00 1.503866e+00 1.500964e+00 1.501969e+00 1.518331e+00 1.517981e+00
5.500000e-01 1.448683e+00 1.470794e+00 1.466036e+00 1.486460e+00 1.489211e+00 1.455813e+00 1.490421e+00 1.474167e+00 1.492916e+00 1.478290e+00
6.500000e-01 1.466754e+00 1.451273e+00 1.436379e+00 1.459819e+00 1.465401e+00 1.471117e+00 1.460913e+00 1.462932e+00 1.466139e+00 1.463352e+00
7.500000e-01 1.438956e+00 1.431806e+00 1.425397e+00 1.442024e+00 1.431535e+00 1.439934e+00 1.440304e+00 1.451539e+00 1.447799e+00 1.451082e+00
8.500000e-01 1.410467e+00 1.425459e+00 1.421736e+00 1.425018e+00 1.420542e+00 1.408386e+00 1.413339e+00 1.420602e+00 1.439519e+00 1.425528e+00
9.500000e-01 1.380543e+00 1.399537e+00 1.395369e+00 1.394692e+00 1.417937e+00 1.396895e+00 1.412809e+00 1.391337e+00 1.411537e+00 1.411017e+00
1.050000e+00 1.365236e+00 1.377403e+00 1.371229e+00 1.358363e+00 1.389594e+00 1.380860e+00 1.385049e+00 1.383655e+00 1.394140e+00 1.381676e+00
1.150000e+00 1.373633e+00 1.362309e+00 1.352130e+00 1.370789e+00 1.362814e+00 1.356154e+00 1.367301e+00 1.379945e+00 1.366314e+00 1.364391e+00
1.250000e+00 1.349237e+00 1.350042e+00 1.338972e+00 1.332828e+00 1.348850e+00 1.333903e+00 1.336309e+00 1.364946e+00 1.364480e+00 1.363484e+00
1.350000e+00 1.337225e+00 1.325454e+00 1.335736e+00 1.333460e+00 1.350466e+00 1.325807e+00 1.325449e+00 1.332546e+00 1.355415e+00 1.330888e+00
1.450000e+00 1.324788e+00 1.324494e+00 1.325815e+00 1.302449e+00 1.331813e+00 1.313689e+00 1.320946e+00 1.335420e+00 1.334874e+00 1.340117e+00
1.550000e+00 1.300923e+00 1.294625e+00 1.304381e+00 1.298974e+00 1.312588e+00 1.301571e+00 1.314429e+00 1.313837e+00 1.315275e+00 1.322725e+00
1.650000e+00 1.290984e+00 1.286252e+00 1.292656e+00 1.284654e+00 1.298364e+00 1.287625e+00 1.301609e+00 1.281907e+00 1.303904e+00 1.304587e+00
1.750000e+00 1.270414e+00 1.289985e+00 1.275096e+00 1.286128e+00 1.278983e+00 1.270702e+00 1.290960e+00 1.271665e+00 1.296254e+00 1.296638e+00
1.850000e+00 1.267544e+00 1.273931e+00 1.261673e+00 1.277493e+00 1.284453e+00 1.262136e+00 1.278404e+00 1.268111e+00 1.291642e+00 1.278393e+00
1.950000e+00 1.251971e+00 1.263691e+00 1.260983e+00 1.239533e+00 1.252411e+00 1.246205e+00 1.267332e+00 1.261683e+00 1.267695e+00 1.246970e+00
2.050000e+00 1.256064e+00 1.235422e+00 1.235730e+00 1.254591e+00 1.251577e+00 1.244116e+00 1.237188e+00 1.254942e+00 1.251660e+00 1.252679e+00
2.150000e+00 1.224120e+00 1.241876e+00 1.207134e+00 1.224633e+00 1.242303e+00 1.223693e+00 1.236764e+00 1.237801e+00 1.257320e+00 1.235607e+00
2.250000e+00 1.230392e+00 1.232169e+00 1.212386e+00 1.210628e+00 1.217451e+00 1.206613e+00 1.206037e+00 1.225468e+00 1.226193e+00 1.246970e+00
2.350000e+00 1.224013e+00 1.209021e+00 1.236950e+00 1.218420e+00 1.204113e+00 1.224320e+00 1.224632e+00 1.227872e+00 1.218123e+00 1.212347e+00
2.450000e+00 1.199564e+00 1.212541e+00 1.200873e+00 1.189463e+00 1.201247e+00 1.204629e+00 1.213083e+00 1.206550e+00 1.209320e+00 1.233526e+00
2.550000e+00 1.184629e+00 1.206994e+00 1.184214e+00 1.193675e+00 1.185252e+00 1.200816e+00 1.191998e+00 1.196673e+00 1.215975e+00 1.215175e+00
2.650000e+00 1.183194e+00 1.178086e+00 1.187344e+00 1.175406e+00 1.177906e+00 1.186243e+00 1.181508e+00 1.182929e+00 1.204394e+00 1.210640e+00
2.750000e+00 1.172617e+00 1.170726e+00 1.179174e+00 1.179038e+00 1.170091e+00 1.188019e+00 1.189932e+00 1.187737e+00 1.185425e+00 1.193302e+00
2.850000e+00 1.171181e+00 1.175313e+00 1.171428e+00 1.175406e+00 1.161963e+00 1.169163e+00 1.181826e+00 1.172164e+00 1.178613e+00 1.190314e+00
2.950000e+00 1.165494e+00 1.169499e+00 1.163205e+00 1.139604e+00 1.163787e+00 1.155269e+00 1.171813e+00 1.170126e+00 1.168237e+00 1.174843e+00
3.050000e+00 1.154811e+00 1.158459e+00 1.149199e+00 1.166297e+00 1.163839e+00 1.150516e+00 1.155072e+00 1.154291e+00 1.167137e+00 1.175003e+00
3.150000e+00 1.134720e+00 1.135417e+00 1.142991e+00 1.138603e+00 1.141852e+00 1.160806e+00 1.166092e+00 1.153194e+00 1.164412e+00 1.163053e+00
3.250000e+00 1.149071e+00 1.132431e+00 1.123362e+00 1.152608e+00 1.145186e+00 1.164723e+00 1.140610e+00 1.152985e+00 1.149425e+00 1.153130e+00
3.350000e+00 1.139131e+00 1.136911e+00 1.147607e+00 1.135076e+00 1.142060e+00 1.130772e+00 1.147497e+00 1.130409e+00 1.153146e+00 1.162039e+00
3.450000e+00 1.127491e+00 1.130244e+00 1.141188e+00 1.141183e+00 1.133412e+00 1.132653e+00 1.139815e+00 1.145460e+00 1.142665e+00 1.139580e+00
3.550000e+00 1.143596e+00 1.125284e+00 1.127181e+00 1.132022e+00 1.137371e+00 1.139861e+00 1.133934e+00 1.125967e+00 1.143032e+00 1.126776e+00
3.650000e+00 1.121007e+00 1.128537e+00 1.117738e+00 1.131812e+00 1.136017e+00 1.126959e+00 1.137643e+00 1.131193e+00 1.131294e+00 1.124322e+00
3.750000e+00 1.131159e+00 1.111096e+00 1.134397e+00 1.121282e+00 1.115072e+00 1.111708e+00 1.114862e+00 1.118912e+00 1.117775e+00 1.130030e+00
3.850000e+00 1.105699e+00 1.102509e+00 1.111053e+00 1.113437e+00 1.104547e+00 1.109201e+00 1.110465e+00 1.117658e+00 1.127469e+00 1.116106e+00
3.950000e+00 1.109686e+00 1.098402e+00 1.114714e+00 1.112226e+00 1.099702e+00 1.098388e+00 1.114650e+00 1.102137e+00 1.111015e+00 1.098234e+00
4.050000e+00 1.116595e+00 1.091682e+00 1.101026e+00 1.105803e+00 1.094752e+00 1.094001e+00 1.103472e+00 1.105638e+00 1.114211e+00 1.112905e+00
4.150000e+00 1.103839e+00 1.107096e+00 1.105748e+00 1.082058e+00 1.098504e+00 1.092330e+00 1.097804e+00 1.097800e+00 1.100587e+00 1.102769e+00
4.250000e+00 1.096026e+00 1.091415e+00 1.095402e+00 1.095852e+00 1.098660e+00 1.077600e+00 1.102413e+00 1.088341e+00 1.101792e+00 1.095834e+00
4.350000e+00 1.089648e+00 1.084321e+00 1.098320e+00 1.092377e+00 1.093710e+00 1.098023e+00 1.083447e+00 1.087087e+00 1.096447e+00 1.090019e+00
4.450000e+00 1.085024e+00 1.090882e+00 1.083730e+00 1.079056e+00 1.101005e+00 1.079010e+00 1.089115e+00 1.090849e+00 1.103626e+00 1.077909e+00
4.550000e+00 1.089754e+00 1.084642e+00 1.079433e+00 1.091798e+00 1.087667e+00 1.069765e+00 1.078308e+00 1.095239e+00 1.089373e+00 1.078922e+00
4.650000e+00 1.084492e+00 1.072161e+00 1.079698e+00 1.085638e+00 1.088500e+00 1.078175e+00 1.082705e+00 1.075642e+00 1.087015e+00 1.080416e+00
4.750000e+00 1.085077e+00 1.058347e+00 1.071422e+00 1.073581e+00 1.075840e+00 1.062401e+00 1.076983e+00 1.082070e+00 1.090578e+00 1.063718e+00
4.850000e+00 1.078220e+00 1.071734e+00 1.069724e+00 1.084111e+00 1.069483e+00 1.066527e+00 1.068030e+00 1.077157e+00 1.087382e+00 1.066385e+00
4.950000e+00 1.076998e+00 1.063414e+00 1.074552e+00 1.074739e+00 1.077767e+00 1.059371e+00 1.069090e+00 1.069266e+00 1.075172e+00 1.064945e+00
5.050000e+00 1.065570e+00 1.064800e+00 1.066488e+00 1.069158e+00 1.056771e+00 1.064542e+00 1.071950e+00 1.081808e+00 1.080989e+00 1.057743e+00
5.150000e+00 1.053293e+00 1.055307e+00 1.049192e+00 1.069000e+00 1.064117e+00 1.082197e+00 1.071633e+00 1.072663e+00 1.071714e+00 1.061851e+00
5.250000e+00 1.058767e+00 1.054293e+00 1.057044e+00 1.065683e+00 1.069900e+00 1.066266e+00 1.065858e+00 1.064668e+00 1.072081e+00 1.051981e+00
5.350000e+00 1.052442e+00 1.040319e+00 1.055930e+00 1.051152e+00 1.054374e+00 1.060990e+00 1.069566e+00 1.067437e+00 1.060500e+00 1.063558e+00
5.450000e+00 1.051113e+00 1.047413e+00 1.058424e+00 1.052100e+00 1.060574e+00 1.059110e+00 1.068242e+00 1.053746e+00 1.062963e+00 1.062438e+00
5.550000e+00 1.057864e+00 1.054987e+00 1.056036e+00 1.048836e+00 1.059845e+00 1.039680e+00 1.058918e+00 1.047684e+00 1.062229e+00 1.045099e+00
5.650000e+00 1.042928e+00 1.052747e+00 1.048662e+00 1.051152e+00 1.043902e+00 1.053626e+00 1.062309e+00 1.060800e+00 1.041164e+00 1.055502e+00
5.750000e+00 1.044682e+00 1.046986e+00 1.053755e+00 1.042412e+00 1.055260e+00 1.044537e+00 1.043025e+00 1.044391e+00 1.050648e+00 1.051501e+00
5.850000e+00 1.046755e+00 1.035732e+00 1.048343e+00 1.044255e+00 1.054999e+00 1.056394e+00 1.042177e+00 1.048781e+00 1.053583e+00 1.040084e+00
5.950000e+00 1.055897e+00 1.038079e+00 1.050625e+00 1.043992e+00 1.049945e+00 1.039889e+00 1.033754e+00 1.042144e+00 1.047399e+00 1.041845e+00
6.050000e+00 1.043672e+00 1.047680e+00 1.039802e+00 1.051784e+00 1.045308e+00 1.047671e+00 1.054839e+00 1.043398e+00 1.048238e+00 1.043179e+00
6.150000e+00 1.045373e+00 1.044373e+00 1.055824e+00 1.037884e+00 1.039942e+00 1.047828e+00 1.039687e+00 1.041047e+00 1.055836e+00 1.033576e+00
6.250000e+00 1.037826e+00 1.040213e+00 1.042826e+00 1.039885e+00 1.047184e+00 1.038635e+00 1.037674e+00 1.040629e+00 1.041373e+00 1.019919e+00
6.350000e+00 1.028418e+00 1.038666e+00 1.048609e+00 1.035199e+00 1.046871e+00 1.048298e+00 1.043554e+00 1.039009e+00 1.038177e+00 1.029628e+00
6.450000e+00 1.044151e+00 1.029119e+00 1.044736e+00 1.046730e+00 1.045100e+00 1.036598e+00 1.029568e+00 1.026153e+00 1.047609e+00 1.030428e+00
6.550000e+00 1.037347e+00 1.034559e+00 1.027546e+00 1.033725e+00 1.030459e+00 1.035031e+00 1.032800e+00 1.035769e+00 1.031836e+00 1.029255e+00
6.650000e+00 1.039048e+00 1.026932e+00 1.031366e+00 1.046361e+00 1.044996e+00 1.041456e+00 1.031370e+00 1.041622e+00 1.042002e+00 1.022746e+00
6.750000e+00 1.028099e+00 1.022292e+00 1.030677e+00 1.033146e+00 1.045673e+00 1.028293e+00 1.024165e+00 1.040681e+00 1.032570e+00 1.031815e+00
6.850000e+00 1.034424e+00 1.027359e+00 1.022825e+00 1.034989e+00 1.055781e+00 1.036911e+00 1.035078e+00 1.039636e+00 1.037600e+00 1.029308e+00
6.950000e+00 1.035859e+00 1.029865e+00 1.026061e+00 1.048520e+00 1.041192e+00 1.035971e+00 1.020880e+00 1.030229e+00 1.030002e+00 1.036884e+00
7.050000e+00 1.028524e+00 1.038453e+00 1.040757e+00 1.028987e+00 1.033533e+00 1.039575e+00 1.028456e+00 1.037911e+00 1.020622e+00 1.018478e+00
7.150000e+00 1.040802e+00 1.023892e+00 1.039749e+00 1.036200e+00 1.034315e+00 1.025629e+00 1.034654e+00 1.028923e+00 1.023504e+00 1.016718e+00
7.250000e+00 1.041759e+00 1.022718e+00 1.024735e+00 1.039832e+00 1.040880e+00 1.024062e+00 1.033277e+00 1.031640e+00 1.027173e+00 1.018158e+00
7.350000e+00 1.022678e+00 1.037919e+00 1.021551e+00 1.035884e+00 1.032387e+00 1.025264e+00 1.030893e+00 1.024010e+00 1.024133e+00 1.035016e+00
7.450000e+00 1.031501e+00 1.018345e+00 1.022612e+00 1.045150e+00 1.040567e+00 1.032889e+00 1.028509e+00 1.032267e+00 1.021775e+00 1.033789e+00
7.550000e+00 1.033627e+00 1.009544e+00 1.031738e+00 1.031988e+00 1.031710e+00 1.016436e+00 1.012721e+00 1.028766e+00 1.027173e+00 1.008395e+00
7.650000e+00 1.025335e+00 1.014025e+00 1.028130e+00 1.029197e+00 1.014569e+00 1.027666e+00 1.024324e+00 1.028975e+00 1.036762e+00 1.011116e+00
7.750000e+00 1.031182e+00 1.022132e+00 1.024788e+00 1.037674e+00 1.041922e+00 1.022077e+00 1.017860e+00 1.021920e+00 1.024605e+00 1.015011e+00
7.850000e+00 1.021934e+00 1.027519e+00 1.014548e+00 1.025354e+00 1.040202e+00 1.023540e+00 1.020721e+00 1.019255e+00 1.013548e+00 1.018425e+00
7.950000e+00 1.032085e+00 1.030719e+00 1.010516e+00 1.018878e+00 1.032179e+00 1.022704e+00 1.028138e+00 1.024742e+00 1.029897e+00 1.016931e+00
8.050000e+00 1.019063e+00 1.021225e+00 1.032109e+00 1.033146e+00 1.023686e+00 1.014034e+00 1.014893e+00 1.028243e+00 1.011452e+00 1.025734e+00
8.150000e+00 1.020392e+00 1.007038e+00 1.018899e+00 1.023774e+00 1.031033e+00 1.021868e+00 1.017436e+00 1.032424e+00 1.021146e+00 1.001353e+00
8.250000e+00 1.034477e+00 1.015945e+00 1.023302e+00 1.033251e+00 1.025510e+00 1.003483e+00 1.001967e+00 1.029916e+00 1.003697e+00 1.012397e+00
8.350000e+00 1.032511e+00 1.014025e+00 1.022029e+00 1.012244e+00 1.034159e+00 1.019466e+00 1.016801e+00 1.014917e+00 1.014701e+00 1.026427e+00
8.450000e+00 1.026398e+00 1.018025e+00 1.014442e+00 1.021826e+00 1.010192e+00 1.020928e+00 1.005516e+00 1.020979e+00 1.004326e+00 1.005141e+00
8.550000e+00 1.015183e+00 1.020158e+00 1.008978e+00 1.016351e+00 1.023269e+00 1.024950e+00 1.009490e+00 1.027773e+00 1.022090e+00 1.012343e+00
8.650000e+00 1.035434e+00 1.018772e+00 1.014601e+00 1.020615e+00 1.020143e+00 1.008863e+00 1.013410e+00 1.018471e+00 1.006631e+00 1.019278e+00
8.750000e+00 1.031341e+00 1.022825e+00 1.022188e+00 1.036989e+00 1.026604e+00 1.021398e+00 1.013728e+00 1.006504e+00 1.017426e+00 1.012770e+00
8.850000e+00 1.014492e+00 1.010024e+00 1.012638e+00 1.022669e+00 1.009254e+00 1.014765e+00 1.010496e+00 1.030908e+00 1.006998e+00 1.014424e+00
8.950000e+00 1.016034e+00 1.004744e+00 1.018474e+00 1.022985e+00 1.028792e+00 1.015444e+00 1.012351e+00 1.017896e+00 1.007417e+00 1.024667e+00
9.050000e+00 1.012101e+00 1.012371e+00 1.017944e+00 1.025722e+00 1.018997e+00 1.015026e+00 1.000325e+00 1.026153e+00 1.014020e+00 1.014957e+00
9.150000e+00 1.018744e+00 1.016425e+00 1.004203e+00 1.018299e+00 1.007431e+00 1.010743e+00 1.028403e+00 1.020718e+00 1.001967e+00 1.016931e+00
9.250000e+00 1.020605e+00 1.027039e+00 1.023939e+00 1.029882e+00 1.006493e+00 1.011474e+00 1.003291e+00 1.009430e+00 1.002544e+00 1.017411e+00
9.350000e+00 1.024113e+00 1.019892e+00 1.012214e+00 1.025564e+00 1.031866e+00 1.015078e+00 1.015900e+00 1.018105e+00 9.998714e-01 1.005675e+00
9.450000e+00 1.024591e+00 1.019838e+00 1.002982e+00 1.004662e+00 1.029469e+00 1.007139e+00 1.018814e+00 1.003002e+00 1.024657e+00 9.948982e-01
9.550000e+00 1.006839e+00 1.007304e+00 9.990565e-01 1.020089e+00 1.012745e+00 1.022286e+00 1.023688e+00 1.003786e+00 1.004430e+00 1.013463e+00
9.650000e+00 1.014227e+00 1.004211e+00 1.028183e+00 1.027881e+00 1.017590e+00 1.013668e+00 1.010284e+00 1.007497e+00 1.005112e+00 1.007862e+00
9.750000e+00 1.006041e+00 9.996239e-01 1.008023e+00 1.008980e+00 1.029782e+00 1.018108e+00 1.027343e+00 9.994487e-01 1.003487e+00 9.990594e-01
9.850000e+00 1.008274e+00 1.013918e+00 1.008978e+00 1.032567e+00 1.023061e+00 9.927752e-01 1.006682e+00 9.952157e-01 1.010299e+00 1.007648e+00
9.950000e+00 1.022412e+00 1.009491e+00 1.019694e+00 1.006347e+00 1.022696e+00 1.004736e+00 1.018284e+00 1.006922e+00 1.011714e+00 1.006475e+00
1.005000e+01 1.016087e+00 1.009864e+00 1.015291e+00 1.014139e+00 1.017538e+00 9.989386e-01 1.017436e+00 1.006504e+00 1.002020e+00 1.002314e+00
1.015000e+01 1.020605e+00 1.016958e+00 1.018050e+00 1.029987e+00 1.031033e+00 1.019152e+00 1.007159e+00 1.008176e+00 1.015382e+00 1.001140e+00
1.025000e+01 1.015768e+00 9.976504e-01 1.024522e+00 1.011823e+00 1.018111e+00 1.014974e+00 1.007583e+00 9.988216e-01 1.004745e+00 1.003061e+00
1.035000e+01 1.004022e+00 1.004104e+00 1.025159e+00 1.020615e+00 1.018268e+00 1.009385e+00 1.004192e+00 1.007706e+00 9.967797e-01 1.006742e+00
1.045000e+01 1.001417e+00 9.997305e-01 1.011100e+00 1.015298e+00 1.011026e+00 1.006356e+00 1.011450e+00 1.001382e+00 1.014439e+00 1.026000e+00
1.055000e+01 1.003278e+00 9.943969e-01 1.017838e+00 1.013613e+00 1.018737e+00 1.010482e+00 1.000431e+00 1.013193e+00 1.004954e+00 1.006635e+00
1.065000e+01 1.006148e+00 1.002397e+00 1.013646e+00 1.026723e+00 1.021811e+00 1.000871e+00 1.012033e+00 1.007444e+00 1.006264e+00 1.012503e+00
1.075000e+01 1.014173e+00 1.008051e+00 1.011789e+00 1.006242e+00 1.012432e+00 1.024167e+00 1.013198e+00 1.010423e+00 9.947884e-01 1.006528e+00
1.085000e+01 1.005882e+00 1.003037e+00 1.024575e+00 1.009085e+00 1.019674e+00 1.027510e+00 1.004351e+00 9.955815e-01 9.798016e-01 1.007648e+00
1.095000e+01 1.000726e+00 9.962637e-01 1.002611e+00 1.012191e+00 1.028167e+00 1.003901e+00 1.006788e+00 9.953203e-01 9.993474e-01 1.006155e+00
1.105000e+01 1.010187e+00 9.894367e-01 1.011206e+00 1.012981e+00 1.020404e+00 1.021973e+00 1.011344e+00 1.007235e+00 1.009461e+00 1.001567e+00
1.115000e+01 1.006626e+00 9.856498e-01 1.004044e+00 1.006347e+00 1.025979e+00 1.011056e+00 1.006152e+00 1.001644e+00 1.007470e+00 1.001033e+00
1.125000e+01 1.002533e+00 9.899167e-01 1.011577e+00 1.015298e+00 1.009984e+00 1.030382e+00 9.961924e-01 1.012618e+00 1.005426e+00 9.963386e-01
1.135000e+01 9.945608e-01 1.010344e+00 9.996931e-01 1.004399e+00 1.010713e+00 1.026883e+00 9.940733e-01 9.979332e-01 1.003015e+00 1.006582e+00
1.145000e+01 1.014546e+00 1.010878e+00 1.024522e+00 1.019457e+00 1.016548e+00 1.004945e+00 1.016112e+00 1.009326e+00 1.010561e+00 1.007275e+00
1.155000e+01 1.003969e+00 1.005491e+00 9.974649e-01 1.009559e+00 1.006441e+00 1.013720e+00 1.004457e+00 1.006504e+00 1.003644e+00 9.980991e-01
1.165000e+01 1.008539e+00 9.981838e-01 1.006219e+00 1.005242e+00 1.019727e+00 1.002438e+00 1.010761e+00 9.950590e-01 1.019574e+00 1.005888e+00
1.175000e+01 9.988129e-01 1.009598e+00 1.009508e+00 1.015350e+00 1.034523e+00 1.004057e+00 1.001331e+00 1.010528e+00 1.006684e+00 9.990060e-01
1.185000e+01 1.005882e+00 9.915168e-01 1.012108e+00 1.002978e+00 1.016132e+00 1.006878e+00 9.971460e-01 1.006922e+00 1.006317e+00 1.002420e+00
1.195000e+01 1.010347e+00 9.965304e-01 1.000224e+00 1.002978e+00 1.004617e+00 1.013564e+00 1.007636e+00 1.005877e+00 1.012395e+00 1.011330e+00
1.205000e+01 9.976435e-01 9.981305e-01 1.010887e+00 1.006137e+00 1.014256e+00 1.008497e+00 9.978347e-01 1.012357e+00 1.005374e+00 1.001620e+00
1.215000e+01 1.011569e+00 9.878899e-01 1.011896e+00 1.008137e+00 1.004461e+00 1.001289e+00 1.003980e+00 1.007078e+00 1.002858e+00 9.881229e-01
1.225000e+01 9.992381e-01 9.969571e-01 1.003937e+00 9.896572e-01 1.005763e+00 1.011735e+00 9.927488e-01 1.010162e+00 1.008832e+00 1.002154e+00
1.235000e+01 1.006626e+00 9.998372e-01 1.006643e+00 1.009769e+00 1.010974e+00 1.013459e+00 1.011556e+00 9.956338e-01 1.017897e+00 9.966053e-01
1.245000e+01 1.011516e+00 9.976504e-01 1.000277e+00 1.014350e+00 1.020508e+00 1.016436e+00 9.998478e-01 9.991351e-01 1.008622e+00 1.000980e+00
1.255000e+01 9.974309e-01 9.988772e-01 1.014548e+00 1.006347e+00 1.017330e+00 1.018943e+00 1.005199e+00 9.924983e-01 9.996094e-01 9.996462e-01
1.265000e+01 1.005350e+00 1.005758e+00 1.004892e+00 9.932374e-01 1.010453e+00 1.014347e+00 9.984174e-01 1.010528e+00 9.933212e-01 1.002314e+00
1.275000e+01 1.002108e+00 9.864499e-01 1.006590e+00 9.957646e-01 1.017330e+00 1.017690e+00 1.012139e+00 1.008071e+00 1.009251e+00 1.002847e+00
1.285000e+01 1.002161e+00 9.913034e-01 1.006166e+00 9.982391e-01 1.007691e+00 1.007975e+00 1.013675e+00 9.943273e-01 1.007155e+00 9.920173e-01
1.295000e+01 1.007264e+00 9.840497e-01 1.004680e+00 9.923950e-01 1.009723e+00 1.007923e+00 1.014946e+00 1.008908e+00 1.002963e+00 1.009996e+00
1.305000e+01 1.016406e+00 9.975971e-01 9.931145e-01 1.004294e+00 1.005451e+00 1.018943e+00 1.004404e+00 9.993964e-01 1.008465e+00 9.973522e-01
1.315000e+01 1.015290e+00 9.961570e-01 1.007810e+00 9.932374e-01 1.010296e+00 1.018369e+00 1.014099e+00 9.924983e-01 1.009042e+00 9.916973e-01
1.325000e+01 9.988129e-01 1.003357e+00 9.935919e-01 1.013823e+00 9.956557e-01 1.003692e+00 1.001702e+00 1.001225e+00 1.006579e+00 9.884963e-01
1.335000e+01 1.009975e+00 9.942903e-01 1.000383e+00 1.007979e+00 1.003315e+00 1.008288e+00 1.009596e+00 1.005929e+00 1.017164e+00 1.006955e+00
1.345000e+01 1.005032e+00 1.007251e+00 1.000913e+00 9.991868e-01 1.011911e+00 9.969016e-01 1.008165e+00 1.010371e+00 9.967273e-01 9.973522e-01
1.355000e+01 9.914780e-01 1.006238e+00 9.891885e-01 1.012718e+00 9.978440e-01 9.993042e-01 1.009066e+00 1.016067e+00 1.004954e+00 1.005088e+00
1.365000e+01 1.015874e+00 9.959437e-01 1.002134e+00 1.012139e+00 1.011182e+00 1.015392e+00 9.987883e-01 9.891015e-01 1.010352e+00 9.924441e-01
1.375000e+01 1.003490e+00 1.000051e+00 9.975179e-01 9.961331e-01 1.011442e+00 9.913127e-01 9.978877e-01 9.896763e-01 9.938976e-01 1.003381e+00
1.385000e+01 1.007636e+00 9.934369e-01 9.978362e-01 1.003083e+00 1.005555e+00 1.008810e+00 1.007636e+00 9.947454e-01 9.995570e-01 9.960185e-01
1.395000e+01 1.002533e+00 9.971704e-01 9.968282e-01 1.001767e+00 1.011807e+00 1.007244e+00 1.005358e+00 9.990829e-01 1.007889e+00 1.001353e+00
1.405000e+01 1.009815e+00 1.001651e+00 9.855808e-01 1.003662e+00 1.021550e+00 1.002177e+00 1.006788e+00 9.926551e-01 1.010823e+00 9.880695e-01
1.415000e+01 1.009549e+00 9.979705e-01 1.005635e+00 9.941851e-01 9.945616e-01 1.003431e+00 1.009384e+00 9.811581e-01 1.012657e+00 9.993795e-01
1.425000e+01 1.005085e+00 1.007144e+00 1.011630e+00 1.005242e+00 1.009775e+00 9.917828e-01 1.010973e+00 9.980900e-01 1.013443e+00 1.000500e+00
1.435000e+01 1.006839e+00 9.954103e-01 1.005158e+00 1.005768e+00 1.011286e+00 9.877087e-01 9.960334e-01 9.906170e-01 1.013967e+00 1.004127e+00
1.445000e+01 9.983345e-01 1.004424e+00 9.990565e-01 1.002820e+00 1.007326e+00 9.999310e-01 1.004563e+00 9.947977e-01 1.023138e+00 1.002847e+00
1.455000e+01 1.004287e+00 1.002611e+00 9.976771e-01 9.945537e-01 1.010244e+00 9.979462e-01 1.009384e+00 9.955815e-01 1.005059e+00 1.005461e+00
1.465000e+01 9.934446e-01 1.011304e+00 1.002505e+00 1.007190e+00 1.002585e+00 9.861940e-01 9.952388e-01 9.927596e-01 1.008098e+00 1.000927e+00
1.475000e+01 9.930726e-01 1.018505e+00 1.002611e+00 1.001030e+00 9.985213e-01 1.006303e+00 1.008642e+00 1.005667e+00 1.014125e+00 1.001567e+00
1.485000e+01 1.004287e+00 9.979171e-01 1.006113e+00 1.003715e+00 9.985734e-01 1.003953e+00 1.002550e+00 9.989261e-01 1.014806e+00 9.998596e-01
1.495000e+01 9.969526e-01 1.003144e+00 1.003778e+00 9.973967e-01 9.944574e-01 9.944989e-01 1.006682e+00 1.005772e+00 1.006998e+00 9.909504e-01
1.505000e+01 9.915843e-01 9.848498e-01 1.000011e+00 1.002872e+00 1.006284e+00 9.957524e-01 1.004669e+00 1.004884e+00 1.017897e+00 9.801206e-01
1.515000e+01 1.004713e+00 1.001757e+00 9.936980e-01 1.000714e+00 1.000136e+00 9.954391e-01 9.920071e-01 9.949544e-01 1.013496e+00 9.915372e-01
1.525000e+01 1.002108e+00 9.877833e-01 1.004097e+00 1.004189e+00 1.006962e+00 1.005624e+00 1.013675e+00 1.006869e+00 9.943168e-01 9.899367e-01
1.535000e+01 9.996633e-01 9.894367e-01 1.006908e+00 1.002504e+00 1.002742e+00 1.003901e+00 9.919542e-01 9.949544e-01 1.005583e+00 1.002314e+00
1.545000e+01 1.013961e+00 9.985038e-01 1.006060e+00 9.977653e-01 1.000449e+00 9.881788e-01 9.979406e-01 1.012931e+00 1.010247e+00 9.969788e-01
1.555000e+01 1.006573e+00 9.962104e-01 1.009933e+00 1.006452e+00 9.959163e-01 9.985207e-01 1.003503e+00 1.004727e+00 1.012972e+00 1.001033e+00
1.565000e+01 9.975372e-01 1.006291e+00 9.971465e-01 1.008348e+00 1.002168e+00 1.001185e+00 1.006576e+00 1.000755e+00 1.008989e+00 9.924975e-01
1.575000e+01 9.924879e-01 9.935436e-01 9.973588e-01 9.889201e-01 1.004044e+00 9.981551e-01 1.002232e+00 9.985080e-01 1.010142e+00 9.893499e-01
1.585000e+01 1.020392e+00 1.011998e+00 1.007704e+00 1.009664e+00 9.978961e-01 9.944989e-01 1.014417e+00 1.009691e+00 9.986662e-01 9.931910e-01
1.595000e+01 9.953049e-01 9.958370e-01 1.007651e+00 9.986603e-01 9.997718e-01 9.975806e-01 1.006311e+00 1.008333e+00 1.016954e+00 1.006155e+00
1.605000e+01 1.003543e+00 1.007038e+00 9.982076e-01 1.004662e+00 1.015194e+00 1.010169e+00 1.012721e+00 9.888402e-01 1.010404e+00 9.979390e-01
1.615000e+01 1.003224e+00 1.000157e+00 1.009879e+00 9.958699e-01 1.000189e+00 1.003117e+00 9.976228e-01 1.005302e+00 1.004063e+00 1.017305e+00
1.625000e+01 1.009496e+00 9.984505e-01 9.996931e-01 1.014455e+00 1.005920e+00 9.928797e-01 1.003238e+00 1.012984e+00 1.021199e+00 9.945247e-01
1.635000e+01 9.924348e-01 9.981838e-01 1.011577e+00 1.004504e+00 1.019414e+00 9.904770e-01 1.017542e+00 1.020613e+00 9.954697e-01 9.957517e-01
1.645000e+01 9.975372e-01 1.007998e+00 1.011524e+00 1.001977e+00 1.010765e+00 9.992520e-01 9.915833e-01 1.015962e+00 9.910155e-01 1.004714e+00
1.655000e+01 9.962085e-01 1.009544e+00 9.995870e-01 9.918685e-01 1.007795e+00 9.984685e-01 1.002391e+00 1.002323e+00 1.006946e+00 9.970321e-01
1.665000e+01 1.008486e+00 1.010131e+00 1.006431e+00 1.012086e+00 1.013318e+00 1.002125e+00 1.006788e+00 1.007862e+00 1.018317e+00 1.003594e+00
1.675000e+01 1.000620e+00 1.010451e+00 9.968813e-01 9.919212e-01 9.994591e-01 1.007348e+00 9.884576e-01 1.010214e+00 1.005898e+00 1.009462e+00
1.685000e+01 9.904682e-01 1.011304e+00 9.967221e-01 9.790220e-01 1.004513e+00 1.001811e+00 1.006788e+00 9.991351e-01 1.007784e+00 1.008982e+00
1.695000e+01 9.983345e-01 9.933302e-01 1.010145e+00 9.923424e-01 1.021394e+00 1.016593e+00 1.010655e+00 1.001382e+00 1.004063e+00 9.952716e-01
1.705000e+01 9.880764e-01 1.000744e+00 1.011365e+00 1.020773e+00 1.017747e+00 1.000976e+00 1.003556e+00 1.000389e+00 9.913824e-01 1.025254e+00
1.715000e+01 9.981751e-01 1.000904e+00 1.005900e+00 9.966596e-01 1.014048e+00 1.011056e+00 1.004722e+00 9.967312e-01 9.927972e-01 9.956984e-01
1.725000e+01 9.745229e-01 1.002771e+00 1.003990e+00 9.967123e-01 1.010400e+00 1.004371e+00 1.005252e+00 9.947454e-01 9.836269e-01 1.014637e+00
1.735000e+01 9.958896e-01 9.975971e-01 1.011471e+00 1.016824e+00 1.009463e+00 9.959614e-01 9.955037e-01 1.009796e+00 1.009251e+00 1.005941e+00
1.745000e+01 1.006095e+00 1.010238e+00 1.016670e+00 9.980285e-01 1.004513e+00 9.897458e-01 9.950269e-01 9.997100e-01 9.957317e-01 1.002954e+00
1.755000e+01 9.894051e-01 9.967437e-01 1.003619e+00 1.002662e+00 9.967499e-01 1.011944e+00 1.010020e+00 9.994487e-01 1.010247e+00 1.008075e+00
1.765000e+01 1.024538e+00 9.902901e-01 9.954488e-01 9.942904e-01 1.006232e+00 9.999310e-01 1.008854e+00 1.003525e+00 1.003068e+00 9.921774e-01
1.775000e+01 1.006041e+00 1.000264e+00 1.015079e+00 1.012297e+00 1.005242e+00 9.944466e-01 1.002974e+00 9.994487e-01 9.967273e-01 1.009782e+00
1.785000e+01 9.974841e-01 1.005971e+00 1.007280e+00 9.892360e-01 9.981566e-01 1.000506e+00 1.010178e+00 1.009587e+00 1.006998e+00 1.013890e+00
1.795000e+01 9.993444e-01 1.000797e+00 1.010039e+00 1.002872e+00 1.000762e+00 9.985207e-01 1.017860e+00 1.002584e+00 9.918016e-01 1.005835e+00
1.805000e+01 1.005404e+00 9.966904e-01 9.951305e-01 9.981338e-01 1.018737e+00 1.007714e+00 1.008271e+00 1.008594e+00 9.955745e-01 1.003647e+00
1.815000e+01 1.003384e+00 1.006238e+00 1.005582e+00 1.001188e+00 9.971667e-01 9.972149e-01 1.012615e+00 1.006033e+00 9.963081e-01 1.009622e+00
1.825000e+01 1.017947e+00 1.011144e+00 9.967752e-01 9.994501e-01 1.013214e+00 9.968493e-01 1.007212e+00 9.998668e-01 1.010037e+00 1.003167e+00
1.835000e+01 1.014864e+00 9.978104e-01 1.009933e+00 9.973441e-01 1.014464e+00 1.001811e+00 1.015900e+00 1.007026e+00 1.015382e+00 1.007488e+00
1.845000e+01 9.936572e-01 1.005704e+00 1.003566e+00 1.002978e+00 1.006493e+00 1.015235e+00 1.013622e+00 1.003368e+00 1.010090e+00 1.005515e+00
1.855000e+01 1.010293e+00 1.010771e+00 1.003566e+00 9.965017e-01 1.005607e+00 1.005833e+00 1.011026e+00 9.974629e-01 1.005478e+00 1.001513e+00
1.865000e+01 1.007370e+00 1.000797e+00 1.005158e+00 1.007716e+00 1.004148e+00 1.000714e+00 1.022363e+00 1.006817e+00 9.936880e-01 1.004874e+00
1.875000e+01 1.010081e+00 9.993039e-01 1.001232e+00 1.004662e+00 9.963852e-01 1.014138e+00 1.001543e+00 1.004727e+00 1.012710e+00 1.000927e+00
1.885000e+01 1.011835e+00 1.004957e+00 9.990565e-01 9.965017e-01 1.018476e+00 1.008445e+00 1.010337e+00 1.009587e+00 9.964653e-01 1.009142e+00
1.895000e+01 1.007370e+00 1.005064e+00 1.011047e+00 9.943431e-01 1.010765e+00 1.009072e+00 1.017701e+00 9.963654e-01 1.010456e+00 1.003487e+00
1.905000e+01 1.003437e+00 1.000157e+00 9.989504e-01 1.006716e+00 9.913313e-01 9.987819e-01 1.013145e+00 9.981945e-01 1.004797e+00 1.001407e+00
1.915000e+01 9.836117e-01 9.981305e-01 1.010145e+00 1.010612e+00 1.018111e+00 1.000349e+00 1.002179e+00 1.012984e+00 1.012081e+00 9.974056e-01
1.925000e+01 1.005350e+00 9.983971e-01 1.008500e+00 1.007400e+00 1.005138e+00 9.892757e-01 1.022946e+00 1.005667e+00 1.010090e+00 1.002367e+00
1.935000e+01 1.001470e+00 1.003464e+00 1.016034e+00 1.004189e+00 1.021602e+00 1.002281e+00 1.022681e+00 1.009378e+00 1.009408e+00 1.004821e+00
1.945000e+01 9.955175e-01 1.009918e+00 1.004044e+00 9.989236e-01 1.016132e+00 1.002752e+00 1.009914e+00 9.973061e-01 1.020151e+00 1.006795e+00
1.955000e+01 1.012154e+00 9.998372e-01 1.006643e+00 9.927109e-01 1.005868e+00 1.004057e+00 1.005622e+00 1.018105e+00 1.012395e+00 1.005941e+00
1.965000e+01 9.956238e-01 1.018718e+00 1.003566e+00 9.946063e-01 1.019518e+00 1.005624e+00 1.013569e+00 1.008855e+00 1.021356e+00 9.997529e-01
1.975000e+01 1.000514e+00 9.888500e-01 9.984729e-01 9.975020e-01 1.006024e+00 1.011788e+00 1.009967e+00 1.015283e+00 1.007941e+00 9.995928e-01
1.985000e+01 1.009815e+00 9.998906e-01 9.967752e-01 9.939745e-01 1.003471e+00 1.004945e+00 1.012086e+00 1.006399e+00 1.001863e+00 1.004394e+00
1.995000e+01 1.009177e+00 9.925302e-01 1.006007e+00 9.968702e-01 1.012901e+00 9.881266e-01 1.031476e+00 1.014395e+00 1.012395e+00 1.021306e+00
