# Archivo con P(tau) de todas las historias
#
# Nombre del archivo procesado: times.D1.gz
#
# Fecha de procesamiento: 25-11-2020 21:46
#
# Tipo de procesamiento: alfa-Rossi Tipo I
#
# Duración del bin (dt) [s]
1.0000E-01
# Máximo bin analizado (dt_max) [s]
2.0000E+01
# Puntos analizados por trigger
200
# Tiempo base del contador [s]
1.0000E+00
# Número de historias (N_hist)
10
# --------------------------------------------------
# Tasa de cuentas promedio en cada historia [cps] 
# historia_#1   ....    historia_#N_hist 
1.375258e+00 1.376782e+00 1.367107e+00 1.368280e+00 1.374565e+00 1.381290e+00 1.377552e+00 1.387220e+00 1.373528e+00 1.361181e+00 
# Desvío estándar del promedio de la tasa de cuentas de cada historia [cps] 
# historia_#1   ....    historia_#N_hist 
4.923935e-03 4.913058e-03 4.877421e-03 4.877464e-03 4.929522e-03 4.939379e-03 4.908328e-03 4.936205e-03 4.870407e-03 4.845246e-03 
# Cantidad de triggers de cada historia 
# triggers_#1   ...   triggers_#N_hist 
137425 137580 136610 136727 137354 138030 137649 138623 137255 136023 
# Tau centrado [s] y función P(tau) normalizada para cada historia 
# tau [s] P(tau)_#1   ...   P(tau)_#N_hist 
5.000000e-02 1.586763e+00 1.592988e+00 1.572549e+00 1.599737e+00 1.602631e+00 1.591319e+00 1.596731e+00 1.587619e+00 1.583091e+00 1.572925e+00
1.500000e-01 1.568985e+00 1.559306e+00 1.569496e+00 1.565848e+00 1.573182e+00 1.578679e+00 1.560289e+00 1.560838e+00 1.573225e+00 1.560179e+00
2.500000e-01 1.528984e+00 1.559623e+00 1.547704e+00 1.550667e+00 1.545534e+00 1.549307e+00 1.539880e+00 1.542221e+00 1.534450e+00 1.536360e+00
3.500000e-01 1.518719e+00 1.526627e+00 1.504601e+00 1.536930e+00 1.541933e+00 1.526491e+00 1.510294e+00 1.514660e+00 1.513975e+00 1.501902e+00
4.500000e-01 1.498030e+00 1.510366e+00 1.495766e+00 1.500475e+00 1.506817e+00 1.502784e+00 1.490623e+00 1.490063e+00 1.494985e+00 1.480568e+00
5.500000e-01 1.478982e+00 1.468501e+00 1.468512e+00 1.484225e+00 1.467092e+00 1.474934e+00 1.462567e+00 1.477219e+00 1.464910e+00 1.473601e+00
6.500000e-01 1.462156e+00 1.436561e+00 1.457481e+00 1.445579e+00 1.466245e+00 1.442100e+00 1.451228e+00 1.451790e+00 1.459605e+00 1.442654e+00
7.500000e-01 1.445913e+00 1.422254e+00 1.442382e+00 1.436599e+00 1.459465e+00 1.443831e+00 1.432348e+00 1.449086e+00 1.433773e+00 1.417701e+00
8.500000e-01 1.431626e+00 1.398656e+00 1.396119e+00 1.416340e+00 1.426574e+00 1.426365e+00 1.396012e+00 1.423865e+00 1.433985e+00 1.428233e+00
9.500000e-01 1.392948e+00 1.387463e+00 1.391354e+00 1.410674e+00 1.386214e+00 1.411312e+00 1.403501e+00 1.391208e+00 1.392027e+00 1.394477e+00
1.050000e+00 1.384906e+00 1.370569e+00 1.370257e+00 1.376999e+00 1.388015e+00 1.360698e+00 1.364581e+00 1.388868e+00 1.378979e+00 1.384593e+00
1.150000e+00 1.363688e+00 1.358533e+00 1.365760e+00 1.346103e+00 1.367464e+00 1.364632e+00 1.351607e+00 1.345654e+00 1.365559e+00 1.367688e+00
1.250000e+00 1.361836e+00 1.329549e+00 1.333794e+00 1.357970e+00 1.360049e+00 1.329596e+00 1.356775e+00 1.348774e+00 1.330656e+00 1.337281e+00
1.350000e+00 1.358979e+00 1.310332e+00 1.327475e+00 1.320499e+00 1.352369e+00 1.342289e+00 1.334678e+00 1.339778e+00 1.326890e+00 1.331556e+00
1.450000e+00 1.322682e+00 1.307217e+00 1.311947e+00 1.302860e+00 1.314975e+00 1.323302e+00 1.291328e+00 1.318925e+00 1.306309e+00 1.316811e+00
1.550000e+00 1.310618e+00 1.293069e+00 1.294813e+00 1.303929e+00 1.304012e+00 1.300067e+00 1.308468e+00 1.301504e+00 1.298352e+00 1.316865e+00
1.650000e+00 1.296967e+00 1.278762e+00 1.273824e+00 1.287732e+00 1.293048e+00 1.299752e+00 1.296180e+00 1.294172e+00 1.294639e+00 1.299204e+00
1.750000e+00 1.279506e+00 1.269206e+00 1.310448e+00 1.272017e+00 1.285050e+00 1.272111e+00 1.276931e+00 1.284552e+00 1.275119e+00 1.292831e+00
1.850000e+00 1.281834e+00 1.255480e+00 1.257760e+00 1.274262e+00 1.276734e+00 1.252075e+00 1.265645e+00 1.263179e+00 1.272838e+00 1.265610e+00
1.950000e+00 1.258235e+00 1.246927e+00 1.244588e+00 1.256997e+00 1.263069e+00 1.235816e+00 1.249349e+00 1.255379e+00 1.246316e+00 1.266258e+00
2.050000e+00 1.235960e+00 1.239536e+00 1.250907e+00 1.243153e+00 1.264446e+00 1.253177e+00 1.247978e+00 1.245238e+00 1.237882e+00 1.224400e+00
2.150000e+00 1.232997e+00 1.231617e+00 1.229435e+00 1.230966e+00 1.237328e+00 1.215466e+00 1.238802e+00 1.214193e+00 1.230933e+00 1.228289e+00
2.250000e+00 1.214742e+00 1.223012e+00 1.233772e+00 1.220596e+00 1.209680e+00 1.213053e+00 1.239909e+00 1.222669e+00 1.212793e+00 1.222618e+00
2.350000e+00 1.206435e+00 1.212242e+00 1.213265e+00 1.224444e+00 1.212010e+00 1.193122e+00 1.204628e+00 1.193392e+00 1.213906e+00 1.220998e+00
2.450000e+00 1.193366e+00 1.203690e+00 1.188902e+00 1.201834e+00 1.222762e+00 1.197895e+00 1.198880e+00 1.201765e+00 1.190355e+00 1.193939e+00
2.550000e+00 1.194636e+00 1.194767e+00 1.190294e+00 1.188257e+00 1.198557e+00 1.181269e+00 1.203204e+00 1.194796e+00 1.193962e+00 1.205713e+00
2.650000e+00 1.187546e+00 1.175656e+00 1.182156e+00 1.185263e+00 1.186375e+00 1.186251e+00 1.169136e+00 1.189388e+00 1.194068e+00 1.187134e+00
2.750000e+00 1.186858e+00 1.162880e+00 1.167217e+00 1.172007e+00 1.185687e+00 1.167002e+00 1.173038e+00 1.173060e+00 1.175715e+00 1.170499e+00
2.850000e+00 1.176434e+00 1.169057e+00 1.170215e+00 1.168800e+00 1.165030e+00 1.160236e+00 1.171403e+00 1.163231e+00 1.182398e+00 1.150785e+00
2.950000e+00 1.172043e+00 1.142132e+00 1.155758e+00 1.150252e+00 1.170379e+00 1.165376e+00 1.164653e+00 1.150699e+00 1.158794e+00 1.165746e+00
3.050000e+00 1.165587e+00 1.152005e+00 1.139855e+00 1.145120e+00 1.152000e+00 1.147753e+00 1.148621e+00 1.165519e+00 1.152747e+00 1.155322e+00
3.150000e+00 1.151619e+00 1.126242e+00 1.128986e+00 1.143677e+00 1.161216e+00 1.137735e+00 1.147091e+00 1.140454e+00 1.133439e+00 1.161911e+00
3.250000e+00 1.143682e+00 1.128406e+00 1.137178e+00 1.138011e+00 1.120539e+00 1.148960e+00 1.135384e+00 1.155119e+00 1.131423e+00 1.145978e+00
3.350000e+00 1.128444e+00 1.145775e+00 1.132680e+00 1.129672e+00 1.146068e+00 1.149274e+00 1.142978e+00 1.130002e+00 1.137736e+00 1.135284e+00
3.450000e+00 1.130454e+00 1.133580e+00 1.133323e+00 1.122029e+00 1.134151e+00 1.140148e+00 1.125996e+00 1.139414e+00 1.130203e+00 1.137607e+00
3.550000e+00 1.126856e+00 1.134953e+00 1.119776e+00 1.108131e+00 1.117679e+00 1.113661e+00 1.126682e+00 1.118094e+00 1.120125e+00 1.112762e+00
3.650000e+00 1.125957e+00 1.118217e+00 1.124435e+00 1.109147e+00 1.118155e+00 1.125043e+00 1.120037e+00 1.122410e+00 1.123308e+00 1.097802e+00
3.750000e+00 1.111353e+00 1.112832e+00 1.114154e+00 1.112728e+00 1.114501e+00 1.109465e+00 1.100788e+00 1.113049e+00 1.123573e+00 1.108225e+00
3.850000e+00 1.106961e+00 1.118006e+00 1.109228e+00 1.073226e+00 1.112912e+00 1.106003e+00 1.115871e+00 1.106861e+00 1.103416e+00 1.101366e+00
3.950000e+00 1.110559e+00 1.110826e+00 1.072871e+00 1.108559e+00 1.107033e+00 1.109675e+00 1.111916e+00 1.106393e+00 1.099385e+00 1.094885e+00
4.050000e+00 1.110454e+00 1.095780e+00 1.084490e+00 1.085788e+00 1.095010e+00 1.098346e+00 1.107222e+00 1.094641e+00 1.111585e+00 1.098342e+00
4.150000e+00 1.096009e+00 1.099211e+00 1.088185e+00 1.079106e+00 1.101154e+00 1.105427e+00 1.095462e+00 1.080288e+00 1.089519e+00 1.087648e+00
4.250000e+00 1.102623e+00 1.095516e+00 1.079939e+00 1.089048e+00 1.084363e+00 1.105741e+00 1.088658e+00 1.088764e+00 1.089041e+00 1.092725e+00
4.350000e+00 1.098601e+00 1.078464e+00 1.069284e+00 1.073654e+00 1.078219e+00 1.086178e+00 1.097096e+00 1.076180e+00 1.082411e+00 1.076792e+00
4.450000e+00 1.078231e+00 1.075402e+00 1.074745e+00 1.068897e+00 1.085476e+00 1.090164e+00 1.091295e+00 1.090845e+00 1.081615e+00 1.071715e+00
4.550000e+00 1.083575e+00 1.063259e+00 1.062644e+00 1.070393e+00 1.073135e+00 1.069446e+00 1.088026e+00 1.077740e+00 1.083737e+00 1.079438e+00
4.650000e+00 1.069818e+00 1.067483e+00 1.078011e+00 1.063712e+00 1.075094e+00 1.069708e+00 1.087287e+00 1.082160e+00 1.091959e+00 1.078898e+00
4.750000e+00 1.071193e+00 1.070597e+00 1.065696e+00 1.057244e+00 1.084363e+00 1.066037e+00 1.078902e+00 1.074620e+00 1.078167e+00 1.075009e+00
4.850000e+00 1.071140e+00 1.061359e+00 1.065214e+00 1.070928e+00 1.071811e+00 1.066561e+00 1.044464e+00 1.059591e+00 1.069521e+00 1.063505e+00
4.950000e+00 1.069447e+00 1.054707e+00 1.066018e+00 1.048852e+00 1.068262e+00 1.075058e+00 1.071782e+00 1.062139e+00 1.067347e+00 1.069176e+00
5.050000e+00 1.066484e+00 1.060725e+00 1.066125e+00 1.046660e+00 1.066832e+00 1.058642e+00 1.079957e+00 1.058759e+00 1.074720e+00 1.057078e+00
5.150000e+00 1.064368e+00 1.048583e+00 1.044653e+00 1.047195e+00 1.045858e+00 1.069656e+00 1.073206e+00 1.062815e+00 1.073659e+00 1.060319e+00
5.250000e+00 1.045743e+00 1.049005e+00 1.052846e+00 1.043881e+00 1.044374e+00 1.057960e+00 1.050846e+00 1.063439e+00 1.068036e+00 1.064694e+00
5.350000e+00 1.074368e+00 1.052278e+00 1.043636e+00 1.038108e+00 1.050095e+00 1.073852e+00 1.047576e+00 1.063179e+00 1.061671e+00 1.063883e+00
5.450000e+00 1.070082e+00 1.059722e+00 1.045189e+00 1.024584e+00 1.056715e+00 1.065722e+00 1.064452e+00 1.052779e+00 1.053820e+00 1.056160e+00
5.550000e+00 1.058495e+00 1.054971e+00 1.043582e+00 1.018972e+00 1.052478e+00 1.047575e+00 1.071466e+00 1.049191e+00 1.054033e+00 1.046816e+00
5.650000e+00 1.053150e+00 1.035226e+00 1.034319e+00 1.035756e+00 1.046069e+00 1.059376e+00 1.045097e+00 1.048827e+00 1.049312e+00 1.034178e+00
5.750000e+00 1.035266e+00 1.051645e+00 1.037960e+00 1.036771e+00 1.046016e+00 1.045582e+00 1.047734e+00 1.050075e+00 1.037324e+00 1.039039e+00
5.850000e+00 1.041087e+00 1.028732e+00 1.031428e+00 1.027417e+00 1.050730e+00 1.058222e+00 1.059231e+00 1.038635e+00 1.054881e+00 1.035312e+00
5.950000e+00 1.028388e+00 1.042617e+00 1.019166e+00 1.039765e+00 1.040508e+00 1.048466e+00 1.050371e+00 1.040819e+00 1.049577e+00 1.045628e+00
6.050000e+00 1.037277e+00 1.036387e+00 1.026662e+00 1.033190e+00 1.035847e+00 1.035564e+00 1.026639e+00 1.039623e+00 1.036846e+00 1.063235e+00
6.150000e+00 1.032250e+00 1.017804e+00 1.031588e+00 1.038161e+00 1.031716e+00 1.042540e+00 1.044939e+00 1.032914e+00 1.029951e+00 1.037041e+00
6.250000e+00 1.034526e+00 1.046735e+00 1.013758e+00 1.028433e+00 1.035476e+00 1.033308e+00 1.052270e+00 1.039831e+00 1.047190e+00 1.047627e+00
6.350000e+00 1.031986e+00 1.024403e+00 1.035337e+00 1.016673e+00 1.031027e+00 1.028431e+00 1.043199e+00 1.030470e+00 1.042575e+00 1.039849e+00
6.450000e+00 1.045902e+00 1.030422e+00 1.027626e+00 1.024370e+00 1.028538e+00 1.038920e+00 1.035077e+00 1.036607e+00 1.033770e+00 1.037473e+00
6.550000e+00 1.031615e+00 1.020708e+00 1.023771e+00 1.006998e+00 1.038019e+00 1.027277e+00 1.034233e+00 1.026778e+00 1.038915e+00 1.042766e+00
6.650000e+00 1.024525e+00 1.014478e+00 1.015686e+00 1.017315e+00 1.022976e+00 1.041018e+00 1.044253e+00 1.025842e+00 1.036104e+00 1.043846e+00
6.750000e+00 1.027012e+00 1.034751e+00 1.029554e+00 1.019025e+00 1.027531e+00 1.037085e+00 1.027852e+00 1.024854e+00 1.026927e+00 1.030830e+00
6.850000e+00 1.036748e+00 1.026093e+00 1.026127e+00 1.019613e+00 1.019216e+00 1.046893e+00 1.036765e+00 1.023086e+00 1.032974e+00 1.041037e+00
6.950000e+00 1.028176e+00 1.017751e+00 1.015846e+00 1.010366e+00 1.012542e+00 1.041228e+00 1.021840e+00 1.027090e+00 1.037907e+00 1.032612e+00
7.050000e+00 1.038229e+00 1.011574e+00 1.014990e+00 1.022179e+00 1.013019e+00 1.026700e+00 1.031544e+00 1.023346e+00 1.017167e+00 1.035582e+00
7.150000e+00 1.033256e+00 1.020813e+00 1.037585e+00 1.012130e+00 1.013972e+00 1.024864e+00 1.046468e+00 1.038687e+00 1.026662e+00 1.020460e+00
7.250000e+00 1.023097e+00 1.031530e+00 1.029072e+00 1.016299e+00 1.016038e+00 1.035249e+00 1.042513e+00 1.019758e+00 1.022312e+00 1.034178e+00
7.350000e+00 1.025531e+00 1.039555e+00 1.027358e+00 1.001118e+00 1.022923e+00 1.029480e+00 1.027536e+00 1.027974e+00 1.009158e+00 1.026671e+00
7.450000e+00 1.018335e+00 1.029999e+00 1.025110e+00 1.028005e+00 1.018421e+00 1.009182e+00 1.029909e+00 1.024958e+00 1.012818e+00 1.023916e+00
7.550000e+00 1.022621e+00 1.028732e+00 1.008725e+00 1.005234e+00 1.018209e+00 1.022032e+00 1.014879e+00 1.008005e+00 1.020986e+00 1.032828e+00
7.650000e+00 1.025478e+00 1.023136e+00 1.006637e+00 1.005288e+00 1.012013e+00 1.024444e+00 1.020733e+00 1.025114e+00 1.009635e+00 1.016463e+00
7.750000e+00 1.015689e+00 1.012049e+00 1.019916e+00 1.019239e+00 1.010000e+00 1.040914e+00 1.021154e+00 1.013726e+00 1.011863e+00 1.019325e+00
7.850000e+00 1.019340e+00 1.013105e+00 1.025056e+00 1.002187e+00 1.014926e+00 1.024497e+00 1.026692e+00 1.022410e+00 1.018865e+00 1.016247e+00
7.950000e+00 1.021033e+00 1.008671e+00 1.019702e+00 1.008067e+00 1.016144e+00 1.018570e+00 1.007548e+00 1.018510e+00 1.017751e+00 1.030992e+00
8.050000e+00 1.021086e+00 1.011574e+00 1.019702e+00 1.001813e+00 1.016673e+00 1.014636e+00 1.028169e+00 1.003377e+00 1.017538e+00 1.022242e+00
8.150000e+00 1.026007e+00 1.019916e+00 1.005566e+00 1.000049e+00 1.015137e+00 1.011384e+00 1.028538e+00 1.021838e+00 1.011810e+00 1.015869e+00
8.250000e+00 1.014155e+00 1.017540e+00 1.008243e+00 1.016032e+00 1.011165e+00 1.008133e+00 1.013244e+00 1.018926e+00 1.021305e+00 1.018461e+00
8.350000e+00 1.015001e+00 1.018121e+00 1.003585e+00 1.015818e+00 1.010000e+00 1.008552e+00 1.029382e+00 1.023398e+00 1.018016e+00 1.015005e+00
8.450000e+00 1.021245e+00 1.014161e+00 1.007172e+00 1.013519e+00 1.013866e+00 1.008185e+00 1.030014e+00 1.006237e+00 1.014621e+00 1.014303e+00
8.550000e+00 1.026695e+00 1.032269e+00 1.012634e+00 1.012183e+00 1.009470e+00 1.026228e+00 1.004964e+00 1.003481e+00 1.015841e+00 1.014195e+00
8.650000e+00 1.002250e+00 1.024192e+00 9.978554e-01 1.003738e+00 9.866950e-01 1.002101e+00 1.022420e+00 1.009305e+00 1.015470e+00 1.011170e+00
8.750000e+00 1.022779e+00 1.017593e+00 1.008029e+00 1.012343e+00 1.015614e+00 1.023658e+00 1.013929e+00 1.009878e+00 9.992383e-01 1.017651e+00
8.850000e+00 9.975934e-01 1.013580e+00 1.019273e+00 9.910692e-01 1.013284e+00 1.014794e+00 1.010712e+00 1.014922e+00 1.011385e+00 1.006525e+00
8.950000e+00 1.017435e+00 1.015059e+00 1.002032e+00 1.017101e+00 1.006133e+00 1.008710e+00 1.021049e+00 9.956810e-01 9.937748e-01 1.014141e+00
9.050000e+00 1.023785e+00 1.011152e+00 1.011134e+00 9.937418e-01 1.011748e+00 9.975902e-01 1.023422e+00 1.015338e+00 1.011173e+00 9.948590e-01
9.150000e+00 1.013414e+00 1.001332e+00 1.000158e+00 1.003417e+00 1.013019e+00 1.013587e+00 1.017305e+00 1.003221e+00 1.005816e+00 1.003177e+00
9.250000e+00 1.005054e+00 9.994319e-01 1.006851e+00 1.013145e+00 1.016462e+00 1.002993e+00 1.010080e+00 1.013674e+00 1.005179e+00 1.007389e+00
9.350000e+00 1.025636e+00 1.008248e+00 1.005512e+00 9.951850e-01 1.015614e+00 1.006140e+00 1.010449e+00 1.017990e+00 1.001095e+00 1.009712e+00
9.450000e+00 1.027118e+00 1.002124e+00 9.939466e-01 1.009831e+00 1.004227e+00 1.015266e+00 1.014510e+00 1.001505e+00 1.014992e+00 1.013600e+00
9.550000e+00 1.015530e+00 1.011838e+00 1.010706e+00 1.001492e+00 1.005816e+00 1.001209e+00 1.016092e+00 1.016638e+00 1.011491e+00 1.016085e+00
9.650000e+00 1.015107e+00 1.009251e+00 9.999436e-01 1.009029e+00 1.011854e+00 1.013955e+00 1.017885e+00 9.951090e-01 1.004914e+00 1.016787e+00
9.750000e+00 1.028229e+00 1.013000e+00 1.006637e+00 1.002562e+00 1.014979e+00 1.013955e+00 1.018623e+00 1.004781e+00 1.005391e+00 1.001394e+00
9.850000e+00 1.018493e+00 9.977425e-01 1.001175e+00 1.001760e+00 1.006398e+00 1.019147e+00 1.012400e+00 9.929249e-01 1.003906e+00 1.013762e+00
9.950000e+00 1.005689e+00 1.019388e+00 9.993011e-01 1.002882e+00 1.013760e+00 1.025546e+00 1.020627e+00 1.014402e+00 9.982836e-01 1.003393e+00
1.005000e+01 1.009340e+00 1.008460e+00 1.002460e+00 1.009617e+00 1.008570e+00 1.015423e+00 1.022315e+00 1.002441e+00 1.005498e+00 1.006849e+00
1.015000e+01 1.009393e+00 1.002811e+00 9.919119e-01 1.012771e+00 9.901907e-01 1.016682e+00 1.016461e+00 1.000569e+00 1.004967e+00 1.008848e+00
1.025000e+01 1.018599e+00 9.923048e-01 1.002246e+00 9.997285e-01 1.013919e+00 1.010808e+00 1.026586e+00 1.003117e+00 9.978592e-01 1.013816e+00
1.035000e+01 1.015477e+00 9.985344e-01 9.913765e-01 9.953989e-01 1.005921e+00 1.011489e+00 1.023211e+00 1.008525e+00 1.013136e+00 1.019812e+00
1.045000e+01 1.007541e+00 9.986928e-01 1.005566e+00 9.921917e-01 1.005657e+00 1.012224e+00 1.019414e+00 9.984891e-01 1.006452e+00 1.017975e+00
1.055000e+01 1.007911e+00 9.956307e-01 9.946427e-01 1.004593e+00 9.941102e-01 1.003674e+00 1.012717e+00 1.012426e+00 9.973288e-01 1.017921e+00
1.065000e+01 1.026801e+00 9.967394e-01 1.001657e+00 9.985526e-01 9.957521e-01 1.016157e+00 1.026850e+00 1.017782e+00 9.917592e-01 9.877838e-01
1.075000e+01 1.006588e+00 1.001913e+00 9.990869e-01 1.007746e+00 9.928390e-01 1.005667e+00 1.025479e+00 1.018146e+00 9.842270e-01 1.011872e+00
1.085000e+01 1.013467e+00 1.002916e+00 9.921797e-01 9.952920e-01 9.987182e-01 1.003360e+00 1.021576e+00 1.015962e+00 1.008786e+00 1.017975e+00
1.095000e+01 1.029076e+00 9.972673e-01 1.010974e+00 1.009671e+00 1.007246e+00 1.003150e+00 1.017041e+00 1.008629e+00 1.007036e+00 1.005121e+00
1.105000e+01 1.013626e+00 9.972673e-01 1.009742e+00 1.007426e+00 1.015190e+00 1.018150e+00 1.010712e+00 1.026154e+00 1.003588e+00 1.013870e+00
1.115000e+01 1.006059e+00 9.894011e-01 9.988727e-01 1.010900e+00 1.006504e+00 1.006979e+00 9.914633e-01 1.018822e+00 1.012393e+00 1.000044e+00
1.125000e+01 1.012991e+00 9.899291e-01 9.951246e-01 9.925124e-01 9.985063e-01 1.003150e+00 1.001167e+00 1.012790e+00 9.971166e-01 1.004581e+00
1.135000e+01 9.955828e-01 1.001649e+00 9.922332e-01 1.000530e+00 9.993538e-01 1.008133e+00 1.009394e+00 1.002493e+00 1.000352e+00 1.003069e+00
1.145000e+01 1.003414e+00 1.001755e+00 1.001229e+00 1.003951e+00 1.008782e+00 1.000055e+00 1.019731e+00 9.957330e-01 1.008892e+00 1.001448e+00
1.155000e+01 1.020822e+00 1.014953e+00 1.006315e+00 1.012023e+00 1.010159e+00 1.012853e+00 1.015828e+00 1.006185e+00 1.006664e+00 9.972355e-01
1.165000e+01 1.002779e+00 9.925687e-01 1.008082e+00 1.011916e+00 1.012383e+00 9.994260e-01 1.015406e+00 1.009253e+00 9.965862e-01 9.874597e-01
1.175000e+01 1.021456e+00 9.985872e-01 9.952317e-01 1.009243e+00 9.994067e-01 1.004146e+00 9.953659e-01 1.012738e+00 1.001625e+00 1.005607e+00
1.185000e+01 1.013467e+00 9.990623e-01 9.924474e-01 9.955592e-01 1.001684e+00 1.014846e+00 1.000745e+00 1.012634e+00 9.987609e-01 9.883779e-01
1.195000e+01 1.008387e+00 1.000118e+00 1.011991e+00 1.009297e+00 1.007034e+00 9.986917e-01 1.002327e+00 1.011022e+00 1.005869e+00 9.899982e-01
1.205000e+01 1.010821e+00 1.004553e+00 1.000586e+00 9.944367e-01 1.004121e+00 1.012853e+00 9.989520e-01 1.001037e+00 1.008733e+00 9.943729e-01
1.215000e+01 1.009075e+00 9.987455e-01 9.973199e-01 9.953454e-01 1.004650e+00 9.948629e-01 9.967371e-01 1.002649e+00 1.002845e+00 9.976675e-01
1.225000e+01 1.024843e+00 1.006929e+00 1.010064e+00 1.003631e+00 1.003326e+00 9.915586e-01 9.952077e-01 1.010398e+00 9.962679e-01 9.987477e-01
1.235000e+01 9.978050e-01 1.001596e+00 1.011241e+00 9.932073e-01 1.004333e+00 1.001367e+00 9.970008e-01 1.005457e+00 9.948888e-01 9.969114e-01
1.245000e+01 1.009710e+00 1.011416e+00 9.976947e-01 9.973232e-01 1.000519e+00 9.986392e-01 9.938892e-01 1.022046e+00 1.008097e+00 9.936708e-01
1.255000e+01 9.982812e-01 9.986928e-01 1.003852e+00 9.962541e-01 1.007510e+00 1.001367e+00 1.008128e+00 1.009357e+00 9.957375e-01 9.971274e-01
1.265000e+01 1.014843e+00 9.946277e-01 1.000479e+00 1.005181e+00 1.000042e+00 1.014112e+00 1.003224e+00 1.017990e+00 9.981775e-01 9.943189e-01
1.275000e+01 1.013626e+00 9.958947e-01 1.010117e+00 1.002027e+00 1.003803e+00 1.000475e+00 9.998486e-01 1.003325e+00 9.993975e-01 1.004581e+00
1.285000e+01 1.018705e+00 9.918824e-01 1.012794e+00 9.969490e-01 1.002585e+00 9.990588e-01 9.922017e-01 1.007745e+00 9.918122e-01 9.946970e-01
1.295000e+01 1.002514e+00 9.968978e-01 1.009635e+00 1.012664e+00 1.009523e+00 1.010965e+00 9.993739e-01 1.008213e+00 9.876748e-01 9.931847e-01
1.305000e+01 1.017329e+00 1.005873e+00 1.008189e+00 1.011114e+00 9.886547e-01 1.007870e+00 9.942057e-01 1.010866e+00 9.990262e-01 9.950751e-01
1.315000e+01 1.003096e+00 9.999598e-01 1.006744e+00 9.943298e-01 9.943220e-01 9.992162e-01 9.928872e-01 1.011022e+00 9.957375e-01 9.823288e-01
1.325000e+01 9.982283e-01 1.006929e+00 9.987121e-01 1.000156e+00 1.005021e+00 1.000475e+00 1.007126e+00 9.942769e-01 9.926609e-01 9.924286e-01
1.335000e+01 1.008229e+00 1.004711e+00 1.008404e+00 1.010366e+00 9.842586e-01 9.920830e-01 9.950495e-01 1.004625e+00 9.982305e-01 9.939949e-01
1.345000e+01 1.014313e+00 9.938886e-01 1.010974e+00 9.989267e-01 9.950636e-01 1.006402e+00 1.006283e+00 1.006549e+00 9.962148e-01 9.949130e-01
1.355000e+01 1.006430e+00 1.006189e+00 1.000800e+00 1.007800e+00 9.863772e-01 1.004356e+00 9.934146e-01 1.002285e+00 9.890539e-01 9.909703e-01
1.365000e+01 9.948949e-01 1.006876e+00 1.004923e+00 1.000423e+00 1.005392e+00 9.931320e-01 1.002274e+00 1.020746e+00 9.980183e-01 9.971274e-01
1.375000e+01 1.002303e+00 9.966866e-01 9.968916e-01 1.001386e+00 9.938983e-01 1.000632e+00 1.011293e+00 9.983851e-01 9.995566e-01 1.002042e+00
1.385000e+01 1.011721e+00 1.003022e+00 9.945892e-01 1.005876e+00 1.020222e+00 1.006402e+00 1.000060e+00 1.000101e+00 9.999279e-01 9.969654e-01
1.395000e+01 1.015372e+00 1.002177e+00 1.002621e+00 1.009190e+00 1.004491e+00 1.000213e+00 9.924126e-01 1.014506e+00 9.848104e-01 9.928607e-01
1.405000e+01 9.951066e-01 9.865503e-01 1.005030e+00 1.000370e+00 1.004544e+00 9.970658e-01 9.911469e-01 1.019290e+00 9.934566e-01 1.010198e+00
1.415000e+01 1.006324e+00 9.981648e-01 9.958742e-01 1.014428e+00 1.011006e+00 1.002730e+00 1.005070e+00 1.005821e+00 9.975409e-01 1.004635e+00
1.425000e+01 1.005371e+00 9.955252e-01 1.017988e+00 1.003524e+00 1.009258e+00 9.822750e-01 1.011451e+00 9.900128e-01 1.008044e+00 1.001394e+00
1.435000e+01 1.017911e+00 1.006453e+00 1.013544e+00 9.862050e-01 9.965466e-01 1.008238e+00 9.950495e-01 1.001557e+00 9.953661e-01 1.000638e+00
1.445000e+01 1.011245e+00 1.012155e+00 1.008243e+00 1.000263e+00 9.880191e-01 1.007818e+00 9.964206e-01 9.975010e-01 1.009158e+00 9.934548e-01
1.455000e+01 1.000609e+00 1.008301e+00 9.995688e-01 1.009671e+00 9.990360e-01 9.962266e-01 9.877190e-01 9.966690e-01 9.963740e-01 9.931307e-01
1.465000e+01 1.008705e+00 1.007298e+00 9.923403e-01 9.977508e-01 9.933157e-01 1.010650e+00 9.886155e-01 1.002025e+00 9.814687e-01 9.965333e-01
1.475000e+01 1.000715e+00 1.009357e+00 1.003959e+00 1.006410e+00 9.897140e-01 9.933943e-01 9.932037e-01 1.001869e+00 9.978062e-01 9.924286e-01
1.485000e+01 1.008864e+00 1.010307e+00 1.004334e+00 1.013519e+00 9.884429e-01 1.007293e+00 1.005861e+00 1.006133e+00 1.011120e+00 9.988558e-01
1.495000e+01 1.012726e+00 9.998014e-01 1.001389e+00 1.009457e+00 1.016779e+00 9.958594e-01 9.974754e-01 1.011438e+00 9.941461e-01 9.993959e-01
1.505000e+01 1.006059e+00 1.004078e+00 9.947498e-01 1.005715e+00 1.004227e+00 9.989015e-01 1.006915e+00 1.016638e+00 1.004808e+00 9.992878e-01
1.515000e+01 1.001932e+00 1.005028e+00 1.013865e+00 9.955058e-01 9.984004e-01 1.000370e+00 9.868224e-01 9.988011e-01 1.007938e+00 9.830849e-01
1.525000e+01 1.007012e+00 1.002124e+00 9.902521e-01 1.001760e+00 1.005233e+00 9.928173e-01 9.974754e-01 1.000725e+00 9.969044e-01 1.003555e+00
1.535000e+01 1.016218e+00 9.980064e-01 1.007386e+00 1.001813e+00 9.977118e-01 1.006244e+00 9.976863e-01 1.010658e+00 1.000564e+00 1.000530e+00
1.545000e+01 1.015266e+00 9.977425e-01 9.993546e-01 9.924590e-01 9.942691e-01 9.942859e-01 9.878244e-01 1.010762e+00 1.005869e+00 9.876217e-01
1.555000e+01 1.021774e+00 1.008354e+00 1.013383e+00 1.004325e+00 9.931038e-01 9.971707e-01 9.987938e-01 1.008525e+00 9.926609e-01 9.880538e-01
1.565000e+01 1.015848e+00 1.008882e+00 9.989798e-01 1.011809e+00 1.001366e+00 9.978525e-01 9.998486e-01 1.003325e+00 9.992914e-01 9.803304e-01
1.575000e+01 1.006747e+00 1.000857e+00 1.004013e+00 9.872740e-01 1.012118e+00 1.003727e+00 9.864533e-01 1.001245e+00 1.011279e+00 9.937788e-01
1.585000e+01 1.014102e+00 1.003127e+00 1.010278e+00 1.002241e+00 9.976059e-01 1.002783e+00 1.004384e+00 9.965650e-01 1.002262e+00 9.898361e-01
1.595000e+01 1.006430e+00 1.003233e+00 1.014668e+00 1.009671e+00 1.001419e+00 1.009811e+00 9.929400e-01 1.012218e+00 9.965331e-01 9.973435e-01
1.605000e+01 1.010927e+00 1.004764e+00 9.998901e-01 9.933677e-01 9.971822e-01 1.003989e+00 1.004595e+00 9.963570e-01 9.983896e-01 9.901602e-01
1.615000e+01 9.954240e-01 9.928855e-01 1.000693e+00 1.002722e+00 9.929449e-01 1.002993e+00 9.885100e-01 1.012062e+00 1.004967e+00 1.002258e+00
1.625000e+01 1.016536e+00 9.850721e-01 1.000426e+00 9.970024e-01 1.004650e+00 1.011857e+00 9.822343e-01 9.989571e-01 1.000617e+00 1.006579e+00
1.635000e+01 9.974876e-01 1.002283e+00 1.008404e+00 9.957730e-01 1.001737e+00 1.006140e+00 1.006230e+00 9.958890e-01 1.007142e+00 9.977216e-01
1.645000e+01 1.017435e+00 9.986928e-01 1.012312e+00 9.901070e-01 9.963877e-01 9.954398e-01 9.984247e-01 1.006185e+00 9.991323e-01 9.821668e-01
1.655000e+01 1.002620e+00 1.004870e+00 1.011830e+00 1.009564e+00 1.000572e+00 1.005458e+00 9.921489e-01 1.022150e+00 1.010537e+00 9.907543e-01
1.665000e+01 1.004736e+00 9.979536e-01 1.006904e+00 9.895190e-01 9.964936e-01 9.963839e-01 9.884046e-01 1.016950e+00 1.009317e+00 1.004797e+00
1.675000e+01 1.014684e+00 1.002916e+00 1.014401e+00 9.894656e-01 1.012595e+00 9.998456e-01 1.006019e+00 1.002753e+00 1.003429e+00 9.861095e-01
1.685000e+01 1.014419e+00 1.016115e+00 1.013919e+00 9.923520e-01 9.975000e-01 9.980623e-01 1.005228e+00 1.014142e+00 9.986018e-01 9.880538e-01
1.695000e+01 9.988104e-01 9.932022e-01 1.009207e+00 9.943833e-01 9.853709e-01 1.005930e+00 9.916743e-01 1.005353e+00 9.980183e-01 9.978836e-01
1.705000e+01 1.006006e+00 1.014372e+00 9.937860e-01 9.853497e-01 1.003326e+00 9.893557e-01 1.001167e+00 1.002961e+00 9.954722e-01 1.002582e+00
1.715000e+01 9.972230e-01 1.010149e+00 1.004227e+00 9.788819e-01 1.003008e+00 9.931320e-01 9.907777e-01 9.973450e-01 9.902209e-01 9.777380e-01
1.725000e+01 1.000715e+00 9.961587e-01 1.020826e+00 1.001332e+00 9.935276e-01 1.006192e+00 9.959987e-01 1.009826e+00 1.000617e+00 9.829229e-01
1.735000e+01 1.004472e+00 9.989039e-01 1.022325e+00 1.006677e+00 1.002532e+00 1.004146e+00 1.000534e+00 1.004001e+00 1.002686e+00 9.954531e-01
1.745000e+01 1.000239e+00 1.015798e+00 9.854330e-01 1.007158e+00 1.002002e+00 9.936041e-01 1.002644e+00 1.009305e+00 1.001837e+00 9.843812e-01
1.755000e+01 1.019763e+00 9.964226e-01 1.011777e+00 9.917106e-01 1.014343e+00 9.913488e-01 9.994794e-01 9.864246e-01 9.984427e-01 9.944270e-01
1.765000e+01 1.000504e+00 9.990623e-01 1.018577e+00 9.824633e-01 1.004862e+00 1.000370e+00 9.827089e-01 1.002701e+00 9.949418e-01 9.915644e-01
1.775000e+01 1.001350e+00 1.005239e+00 1.019487e+00 9.883965e-01 1.003167e+00 1.011332e+00 9.864005e-01 1.007797e+00 1.000511e+00 9.992338e-01
1.785000e+01 9.992866e-01 1.004870e+00 1.011081e+00 9.993544e-01 1.005392e+00 9.822225e-01 9.989520e-01 1.008785e+00 9.933505e-01 9.823288e-01
1.795000e+01 1.001668e+00 1.005345e+00 9.997294e-01 1.007533e+00 1.002744e+00 1.000108e+00 9.958405e-01 1.006081e+00 9.982836e-01 1.004851e+00
1.805000e+01 1.000080e+00 1.000171e+00 1.009421e+00 1.000370e+00 1.001896e+00 9.877297e-01 9.996904e-01 9.995291e-01 9.973288e-01 9.876217e-01
1.815000e+01 1.012726e+00 1.015587e+00 1.011295e+00 1.004005e+00 1.009099e+00 9.839534e-01 1.005333e+00 1.009097e+00 9.968514e-01 9.899442e-01
1.825000e+01 1.007858e+00 1.004236e+00 9.973199e-01 9.988198e-01 9.980296e-01 1.005667e+00 1.006335e+00 1.009513e+00 1.010324e+00 1.002042e+00
1.835000e+01 1.004736e+00 9.934134e-01 1.004709e+00 9.988733e-01 9.969173e-01 9.956496e-01 1.009763e+00 1.004105e+00 9.969575e-01 1.003015e+00
1.845000e+01 1.003202e+00 1.004289e+00 9.997294e-01 1.001439e+00 1.009152e+00 9.907718e-01 9.999013e-01 1.004053e+00 9.902209e-01 9.948590e-01
1.855000e+01 1.004948e+00 1.013950e+00 1.002460e+00 9.879689e-01 9.985063e-01 9.873101e-01 9.988993e-01 1.016118e+00 9.952601e-01 9.902142e-01
1.865000e+01 1.006324e+00 1.012472e+00 1.005030e+00 9.988733e-01 9.932627e-01 1.002153e+00 1.007021e+00 1.005977e+00 9.868261e-01 9.970734e-01
1.875000e+01 1.002832e+00 1.001913e+00 1.003478e+00 1.002829e+00 9.881251e-01 9.814358e-01 1.014879e+00 1.019550e+00 9.874096e-01 9.830849e-01
1.885000e+01 1.012567e+00 9.918824e-01 1.001282e+00 1.021056e+00 1.006451e+00 9.921879e-01 1.006019e+00 1.004521e+00 9.835374e-01 9.990718e-01
1.895000e+01 1.002620e+00 1.009621e+00 1.002139e+00 9.918175e-01 1.003432e+00 1.000632e+00 9.983719e-01 1.002701e+00 9.979653e-01 9.973435e-01
1.905000e+01 1.013943e+00 1.017223e+00 1.006904e+00 1.001974e+00 9.915678e-01 9.951251e-01 1.000323e+00 9.947969e-01 1.004755e+00 9.964253e-01
1.915000e+01 1.007170e+00 1.016537e+00 9.945356e-01 1.009350e+00 9.923093e-01 1.000160e+00 1.001747e+00 1.008837e+00 9.958435e-01 9.921045e-01
1.925000e+01 1.014049e+00 1.009568e+00 1.007493e+00 9.941694e-01 1.003114e+00 1.002783e+00 1.004911e+00 9.996851e-01 9.908044e-01 9.956152e-01
1.935000e+01 1.009287e+00 1.008512e+00 1.005459e+00 1.007426e+00 9.998834e-01 9.954923e-01 1.009658e+00 1.027350e+00 9.890539e-01 9.854613e-01
1.945000e+01 1.013255e+00 1.005925e+00 9.925545e-01 9.980181e-01 9.978707e-01 9.816980e-01 1.001958e+00 1.004053e+00 1.005816e+00 9.768198e-01
1.955000e+01 1.016483e+00 1.011310e+00 1.001550e+00 1.011969e+00 1.005869e+00 9.806490e-01 1.004489e+00 1.000517e+00 1.003694e+00 9.975595e-01
1.965000e+01 9.908207e-01 1.011416e+00 1.010599e+00 1.007479e+00 9.962288e-01 9.965937e-01 9.978973e-01 1.004937e+00 9.919183e-01 9.931307e-01
1.975000e+01 9.966939e-01 1.013211e+00 1.013490e+00 9.935815e-01 1.007987e+00 9.947580e-01 1.009394e+00 9.959930e-01 1.006718e+00 9.849753e-01
1.985000e+01 1.004366e+00 1.001544e+00 1.007386e+00 9.858843e-01 1.008464e+00 9.892508e-01 1.000481e+00 9.897528e-01 1.005975e+00 9.907003e-01
1.995000e+01 1.001350e+00 1.008776e+00 1.018684e+00 1.005074e+00 1.007934e+00 9.966986e-01 1.015986e+00 9.916248e-01 1.005922e+00 9.944810e-01
